testId,11,12,13,14,15,16,17,18,timeSpent,uid,chain
72772,3,4,7,3,4,4,8,6,78,6474e531b61d1c298665,383
72941,3,2,8,2,4,2,5,3,33,93b6faa838da6855f121,258
73075,2,2,3,1,4,1,5,2,52,c1afcee8400833039143,389
73105,7,7,3,9,6,7,4,5,70,15f381981648890bd162,124
73136,6,7,3,8,6,8,2,7,80,93f6efd5189bc2f27b54,50
73171,6,3,8,5,2,1,4,5,55,7c1013224b65a081d974,118
73177,3,1,4,3,2,2,8,3,53,a7927a93b0ac95b336ba,287
73203,3,4,6,6,4,3,5,3,79,4f7a4c1aee42e5c8e8b5,48
73225,1,1,9,4,3,1,8,1,40,de2401f0e4e17d0c644d,
73230,5,4,3,8,6,5,5,3,55,a7b847156dc7f6c498b2,2
73285,6,6,3,8,5,3,3,3,42,750a4a00ffcbe67e5db7,140
73416,3,7,2,7,6,6,5,3,47,4a1f0fa3dcffd49aab23,259
73454,4,3,7,5,7,3,5,3,61,0633627066210afdb584,353
73551,6,4,5,2,4,2,6,2,35,c0607cf2293dbe01d3ed,172
73687,1,1,5,1,5,1,5,1,45,db20122421b453063c33,132
73716,7,3,8,2,5,6,4,6,21,b54bba93647f4d149a6e,66
73719,5,5,5,5,5,5,5,5,18,8da30b1ecf285ec0fe17,15
73733,5,1,9,4,4,1,7,3,36,9bba2b2565c516624bb7,464
73738,1,1,9,6,6,5,4,2,42,b4211abe38812cefe995,204
73767,5,4,5,6,4,6,6,5,13,8da30b1ecf285ec0fe17,
73861,9,7,1,9,9,7,1,9,21,b268bbe24a659fd07775,189
73869,5,2,4,2,3,1,4,2,33,643505aca0cda16756c0,164
73877,7,6,3,5,7,2,4,5,37,f07b8833c6b68a83671e,364
73898,2,2,9,1,3,1,5,3,38,4a6669d76845a4771177,444
73927,9,7,2,5,7,8,5,5,32,d5c963799e15fb2b6b32,
73933,5,5,5,5,5,5,5,5,15,52790d7e8f7efaacd519,27
73942,7,7,3,7,7,6,5,4,45,5e9bd9fa0e2b2c1d65c5,219
73981,6,2,4,5,7,4,3,6,15,73a428ea8827ffb7687a,77
74097,1,5,5,6,5,5,5,1,123,cc97d375004b0cf31e18,
74172,1,5,5,6,6,5,5,1,124,ca753b78bbc287d3182a,432
74250,4,4,6,3,4,3,7,4,31,05238f2783ad2e582169,267
74305,5,3,3,7,7,1,5,7,56,c55a7b25f359bd7a761a,358
74322,4,6,5,5,6,4,6,3,38,f65088d40423b5e72324,151
74337,2,2,9,5,5,1,7,3,41,8fd25c404514739d06a9,62
74361,3,3,3,4,4,2,3,5,38,8b96b2eba790c5478648,226
74401,5,5,4,9,7,5,4,5,47,2fd0565646dd07ba3b6b,75
74418,5,5,4,9,7,5,4,6,39,9e1637cb998028362c33,17
74437,2,3,7,3,4,7,4,3,34,cecb2c359d12ef875358,350
74488,3,3,5,6,8,7,7,2,58,6797882cfcd474fc1d83,417
74495,3,4,4,5,5,6,8,4,66,6797882cfcd474fc1d83,
74509,4,3,7,3,5,8,4,4,38,73486734f84ad4dd4dcc,399
74542,5,1,4,5,5,1,3,5,102,eb2033b5b60cb5e68996,0
74554,5,5,5,5,5,5,5,5,21,56fe86e4d1363e1a38f2,
74572,5,5,5,5,5,5,5,5,13,f497a6ec862298a5f6ca,437
74635,7,7,7,5,7,6,5,6,40,0ccaaf0630349918a644,265
74640,7,2,1,3,5,4,5,1,79,c300685fc71fe479eb9d,96
74678,4,4,6,5,4,2,6,4,40,870d821c575fb4d6fa3e,425
74757,2,1,8,1,2,1,4,2,41,35823aa38de2efb9c97a,357
74763,5,5,5,5,5,5,5,5,10,d5c963799e15fb2b6b32,
74773,8,3,5,7,7,2,9,4,65,4233181fc4c9bc696970,
74789,4,3,4,9,7,9,6,3,548,4e4d8bb4d36136905a42,388
74869,5,4,3,1,7,1,5,1,51,d1b535497b9a5050b5d4,209
74929,2,3,1,4,4,3,5,1,56,85f13660defe7b3cd695,320
74944,4,6,3,3,4,1,5,3,33,c1fe874d181f0efbf20f,195
74948,5,5,6,6,6,6,5,5,41,d30ddd5e85bfb0829df1,426
75019,3,3,7,3,4,3,7,3,73,53bc695ffa787aa6895a,206
75029,1,3,7,1,1,2,2,2,46,87c2d87f862277ec63ed,240
75043,3,4,9,5,4,1,8,1,40,56c0491c6da4efc849d4,129
75078,6,7,1,8,7,3,4,3,38,f9d4f384038d1cb93102,435
75122,6,6,5,9,7,8,4,7,40,c3ab7162adad35d4aa07,171
75147,3,3,5,4,4,3,7,5,31,09ae670f8131c3753a7b,14
75156,5,5,2,7,6,2,7,2,46,5bf1e455cb8b3cbeecba,339
75168,6,6,2,4,6,6,1,7,66,36807386ae0203d7dfc7,49
75206,7,6,2,7,6,2,4,3,28,5bf1e455cb8b3cbeecba,
75207,2,1,9,3,3,1,2,2,40,ead2b11bd032e2918e37,90
75220,9,9,9,9,9,9,9,9,71,9a3cb0840cbcf53b2f80,181
75221,4,5,4,4,3,8,6,7,61,5334bfda9b005199e6e7,381
75232,8,4,3,7,4,3,3,4,9,9a3cb0840cbcf53b2f80,
75243,9,9,9,9,9,9,9,9,9,9a3cb0840cbcf53b2f80,
75253,9,7,2,7,7,7,2,3,27,65cb0a0fa4fa3149cf5f,231
75256,2,3,5,5,6,2,5,2,51,f815a67fb86dd763caa3,225
75265,3,5,3,5,4,6,4,5,8,9a3cb0840cbcf53b2f80,
75271,2,4,5,6,5,3,5,2,62,f815a67fb86dd763caa3,
75289,4,4,5,2,5,1,3,1,37,42b29c26e3334f399ebe,51
75328,7,5,1,9,7,7,1,7,43,6fd8f0cb386475ca4ba8,282
75340,5,6,3,4,6,5,4,3,79,cc6aabf754bc22f46e51,438
75377,5,4,3,3,4,4,4,3,36,b3ed7f77d1b66a3f04af,434
75391,4,6,5,8,7,8,8,5,61,6c234c2dead813516ba9,13
75554,3,3,6,3,4,1,3,2,37,ee1373a94cb46faac1ea,73
75557,7,8,2,8,8,9,4,6,33,58ece1cb7b46e47d596e,328
75606,3,5,4,4,5,4,7,6,78,aa10df71b77f6b514e4c,342
75642,5,5,9,1,4,1,8,2,74,13adbcc10d817ed436a8,
75666,6,7,4,3,4,6,5,4,53,ddb6e7718ea45e81659a,312
75688,7,8,3,9,7,9,3,8,36,587948a5b0b2a93682a7,440
75707,3,3,8,5,5,4,5,4,36,9d8203f1c2ad30aff23a,54
75791,6,6,2,7,6,2,2,3,56,31b2166a326e240bd580,245
75809,6,7,2,4,7,3,2,7,64,42a5632220af4bd4bb19,270
75825,7,7,2,3,6,6,6,4,62,1aaea11b41e98781beac,413
75829,6,6,8,7,5,5,6,5,48,b2ee7db560ccfcf447c9,201
75870,5,3,5,1,3,9,5,1,44,84a27da702578c2bd0a8,121
75893,6,8,8,6,5,5,5,5,51,874134aa04969e87e937,310
75907,8,7,7,9,5,7,5,9,38,234b66a5a7604b6f6d13,238
75918,5,5,1,9,4,5,3,5,33,9a2cae841e673241e75a,29
75950,7,5,7,2,4,8,2,5,39,ef1aa9e17ce5c8082318,9
75972,9,9,9,9,9,9,9,9,19,84a27da702578c2bd0a8,
75983,5,5,6,1,4,7,2,5,30,ef1aa9e17ce5c8082318,
75990,7,4,6,1,4,8,2,6,37,ef1aa9e17ce5c8082318,
75997,5,7,3,7,7,7,5,8,44,77d9e1cd9d8fe73d581e,397
75998,7,6,3,5,6,4,4,6,77,b43d13df4381f493a9cf,154
76022,6,7,1,8,8,8,5,9,103,d8c03b5f9344a94f5ec1,356
76042,5,5,6,5,6,9,6,5,53,14bdbae34d6ec9f06690,139
76063,3,5,7,2,3,1,4,2,50,d0b66c2306c3bb6e5006,147
76081,3,3,5,4,6,4,8,4,141,ea11538b2cac3118d30d,256
76110,5,3,7,3,4,2,5,3,36,7eb323ea031421a39de1,191
76163,5,6,5,7,7,6,3,6,29,4a59e94da1bb62688a38,337
76191,6,7,4,8,9,9,9,1,44,95c39a9ec40e7000150c,242
76195,9,9,9,9,9,9,9,9,17,13adbcc10d817ed436a8,
76204,4,4,5,1,3,2,5,1,41,5b4bb1674e9a93f9c292,
76215,5,5,5,5,5,5,5,5,25,525b589be1c8a48d0bf7,367
76255,5,7,9,1,3,5,8,4,94,5827e018889a09e1dc77,214
76293,6,2,5,9,6,8,5,9,53,1f42859346bedeea731e,253
76345,7,5,5,6,6,4,8,4,46,ccfd1b75ee5ec340025b,74
76351,3,6,2,2,2,2,4,1,35,d035447ad3930eb3b4de,336
76360,4,4,4,4,4,4,4,4,15,d035447ad3930eb3b4de,
76384,5,6,5,4,5,6,5,5,26,1a9a031275bc5fc5bb1a,102
76405,4,6,1,8,7,7,2,7,37,bf3539d1e78455f6a8f5,94
76419,7,4,8,1,3,9,6,1,72,c42afd94f270536e6755,88
76424,3,6,1,4,4,1,6,4,35,2c4a89fb60b57853a641,369
76441,,,,,,,,,4,bf3539d1e78455f6a8f5,
76458,6,5,5,4,5,4,6,5,42,8d4ee94f78ea59222e64,188
76462,3,4,7,4,3,6,7,7,36,b0351ab8f2d74e86b984,150
76496,3,4,5,3,4,4,4,6,12,b0351ab8f2d74e86b984,
76507,4,7,3,9,5,8,7,8,50,5e27db0c89831293ee56,106
76525,3,7,2,5,7,5,2,3,51,6c42a102281774f385a8,326
76580,3,5,6,6,6,5,7,3,45,a99b8974f7256b5b6913,161
76587,4,5,6,6,6,3,6,3,532,a99b8974f7256b5b6913,
76591,3,4,4,8,7,1,4,3,47,6802b179c34e31ca8e0b,141
76609,4,4,5,5,6,5,4,5,47,30650e5765484a4f0e3b,125
76624,3,3,4,6,5,5,5,5,28,6802b179c34e31ca8e0b,
76638,6,4,6,5,6,5,4,4,42,f6e1d4193a982047d73d,185
76677,3,3,2,3,4,2,3,3,49,35a787df7dfaf71bbc49,400
76682,4,4,3,9,3,1,1,3,70,f2a843ded7ba20973016,
76686,4,2,4,2,4,3,2,3,12,f2a843ded7ba20973016,
76692,3,3,5,5,3,2,4,5,62,3223005d463c66742ea5,134
76730,5,4,6,6,6,6,7,4,88,b18cf6748458ad3f1a80,57
76765,3,3,4,3,3,3,8,2,50,4f61e24143a464b0c45d,212
76783,4,4,4,4,4,4,4,4,16,5334bfda9b005199e6e7,
76787,4,3,4,3,6,1,2,5,107,34ce0a603e1711fb102e,213
76800,6,3,4,4,6,1,3,4,35,1a28cd9554d220660198,22
76804,6,6,3,4,4,9,3,5,76,9e63c2958f007932e60a,197
76894,3,1,4,4,3,3,3,4,41,d2167b5c0c64d8bfa3fe,
76899,5,3,5,4,4,2,5,6,36,d8b678c47becfde9e27e,329
76923,4,4,9,7,2,2,5,2,43,9b471c48044e5fd1a9ba,288
76960,8,8,2,8,5,3,4,6,31,5d517f1fc1564dc99467,
76999,4,7,5,4,5,6,6,7,69,d14bbfd4e0e8d80b7597,44
77010,4,6,7,9,7,6,7,5,73,11c1a5026e72d8d23d85,457
77015,7,5,3,4,6,2,4,6,81,96e9c7818ede1184f1c1,278
77048,7,9,3,1,6,1,3,4,65,0d28d56f61c73c16adcd,
77051,6,4,5,6,5,3,5,3,35,d6568fa257773670f862,345
77053,3,5,3,4,7,1,3,3,49,9941a2d9d678b692e6b2,279
77079,6,6,6,6,6,6,6,6,16,dd26f2ed6a0afb061b89,99
77091,4,4,4,3,3,4,3,4,43,cc6aabf754bc22f46e51,
77140,5,4,4,3,4,4,3,4,20,cc6aabf754bc22f46e51,
77176,5,3,4,6,5,3,6,3,49,90209274d105bb1e5d57,220
77208,7,6,3,7,8,8,3,7,38,87dd178f50df8ec51768,379
77213,7,4,4,3,5,8,6,2,67,d8dca71fd6874637ff0d,392
77224,1,3,4,5,4,2,3,1,59,9f1d30bab7b34996372b,31
77235,6,7,8,3,4,3,4,7,33,f2c7ffebaa7d9250d0dc,174
77258,2,6,6,1,9,6,7,1,77,a134875e108a7808fb8e,257
77267,5,4,3,2,4,3,6,4,64,07766a2eacd70f5f4547,378
77286,4,6,7,1,7,4,6,1,251,a134875e108a7808fb8e,
77295,7,6,2,6,7,6,4,3,44,635a4f6658e98eecdb0b,
77312,7,6,3,8,8,6,4,5,57,5dc4d56473e4ac53b868,227
77328,7,6,2,8,8,6,5,5,41,5dc4d56473e4ac53b868,
77336,1,5,2,9,9,5,7,7,32,17ffb86c2218f3df5db7,
77345,6,4,7,1,3,3,6,3,33,2df2928ecb1c98cb426e,346
77354,2,7,2,9,4,8,3,4,146,3267e30c63b4bd1c2205,
77369,1,1,6,6,5,8,8,8,41,bc4c7c2986ecfb62d63d,93
77386,7,4,2,9,5,5,7,5,88,9a986552fba9efccab08,449
77390,4,6,5,7,7,6,3,3,44,46b5321fcd45ef46a8e5,113
77418,5,6,3,4,4,4,6,4,76,e3a69cbdcbd2701dc00b,
77419,7,7,7,8,7,7,8,7,76,7b372b86c39f3270514a,447
77444,6,6,6,6,6,6,6,6,17,9a986552fba9efccab08,
77452,9,1,7,9,7,9,7,8,70,1f42859346bedeea731e,
77457,7,6,5,1,4,3,8,9,133,16423a5dec5862f4b63c,340
77470,6,6,6,6,6,6,6,6,9,9a986552fba9efccab08,
77487,6,6,6,6,6,6,6,6,10,9a986552fba9efccab08,
77500,1,3,4,6,7,5,6,3,14,7b372b86c39f3270514a,
77512,6,6,6,6,6,6,6,6,9,9a986552fba9efccab08,
77523,6,6,6,6,6,6,6,6,8,9a986552fba9efccab08,
77539,7,7,4,9,7,6,2,3,44,144384d690abccfb5437,196
77618,2,3,2,2,3,1,3,2,34,7bd53527331361fcdde9,281
77647,8,8,1,9,6,6,3,9,33,55f660a87f5bb7a72743,
77655,6,4,4,6,6,6,5,4,48,aa3b0013d4a833374eb0,43
77668,1,4,7,1,4,3,6,2,37,1a7ce6b39b141127d5fe,84
77694,6,7,2,9,8,6,2,6,60,21d7802f331a70abf592,67
77696,5,4,6,6,6,3,5,5,45,1b5d2c00395744fd5521,
77720,4,6,4,6,6,6,5,6,33,aa3b0013d4a833374eb0,
77736,8,7,2,7,7,7,7,6,44,92bc4acb5f4bc5b74610,441
77745,2,4,7,1,3,4,8,3,20,1a7ce6b39b141127d5fe,
77795,7,7,1,9,8,7,2,9,34,55f660a87f5bb7a72743,
77821,5,3,6,5,4,4,3,3,50,6d909acdb9f977627151,78
77904,5,5,4,3,6,2,6,3,31,e24cfdc567e3ee409b14,26
77925,9,9,9,9,9,9,9,9,11,bc4c7c2986ecfb62d63d,
77963,5,2,7,2,2,2,1,2,77,73ba24a6f036ec52b949,332
78089,3,4,6,2,5,4,3,9,81,541ecc0ab243e171ea5d,175
78105,6,4,5,2,6,2,7,3,60,6106eca228f0c1a5d7e1,108
78183,2,2,6,4,5,3,5,4,31,ea11538b2cac3118d30d,
78189,3,4,3,4,4,4,3,3,41,be0372abb9ed5e25665d,
78193,1,3,3,1,5,2,1,5,32,5375ba34a000434d01c1,298
78211,2,2,9,2,3,1,5,3,42,8e9107a26147a2280b8d,427
78217,3,2,9,2,2,1,4,1,52,946098a84e25fd32c34d,85
78262,4,6,3,6,4,6,2,4,50,37ac3b3fbb8220ccb7a5,
78273,9,6,6,6,9,2,1,6,59,a6a89a429fb5deb60143,385
78376,7,7,3,5,7,1,2,7,69,09b2eb5a2b814ed9aa82,396
78398,3,3,9,5,4,2,6,3,49,2d0d3753356c5a3a8225,19
78405,3,1,5,2,5,1,6,2,39,770e8a9799d756bc4bd2,233
78465,4,2,7,1,3,1,3,1,34,f9d26be55da1de63ab45,308
78580,2,1,5,5,6,2,5,5,41,7b9a1acea6643e7f6ce0,311
78661,5,3,7,5,8,7,7,6,52,bea1580c121fc9ce0b90,305
78758,5,7,6,8,7,2,7,1,54,a0bb435060aff4c0c3f6,208
78809,1,2,3,4,5,6,7,8,142,b69b4a5799e20fac1dfa,409
78843,3,5,6,5,6,3,3,3,35,435a3301770d6bb405d5,370
78928,4,4,2,7,5,4,2,3,135,37ac3b3fbb8220ccb7a5,
78948,1,1,9,1,1,1,9,1,30,210074e0433dc17c5933,460
79017,7,5,5,1,4,3,6,3,34,e58207dfe55018de4220,76
79095,5,6,3,6,6,4,5,2,36,c69190c1c16f2d223f4d,
79189,4,4,8,5,7,5,5,2,34,959ad05d055cd42dc107,166
79210,7,7,3,9,8,7,2,7,47,5fcd935bc6d3fb75ee41,61
79214,5,4,6,3,6,5,6,5,48,78859706823ae662a078,373
79353,7,7,5,7,6,5,3,5,67,a4d488de676ae54cd0be,
79380,4,4,3,8,6,3,2,3,35,fdb0f65eb21bbba0b592,4
79429,3,1,7,1,2,3,1,2,26,4a1482533941026c22c1,442
79436,6,6,4,2,5,6,3,5,45,7f369d0a41519afab2be,443
79453,7,7,3,9,8,9,1,7,34,07b58659ee0bf9bb6589,254
79486,3,1,2,9,5,1,3,2,94,aa913018a9a7bad95d58,97
79548,4,1,7,1,2,5,1,4,41,f343be8474dbc8ada506,411
79557,5,4,6,6,5,6,7,4,36,925b3673a6e9308d89c3,239
79586,3,3,3,7,3,1,3,1,43,3698630db512e9f51682,
79768,6,3,3,5,5,3,1,5,30,e724f9fdfc75a0e56bdf,104
79915,5,4,7,9,4,9,9,5,41,c168fc19291373193761,3
79932,2,2,6,3,6,4,3,4,35,08b9bdae1e2b541de3b3,5
79975,3,3,3,4,5,2,3,1,40,d6b3439e0e87cad426f3,
80043,2,1,8,3,4,1,5,2,42,ee301450b226fb0f6b92,456
80054,3,3,7,2,5,3,3,4,55,70a42cf3e060c3cca8e6,280
80099,8,5,4,6,6,2,2,4,52,28cd31cb0e36055c81da,459
80116,2,2,2,3,3,1,2,2,36,d6b3439e0e87cad426f3,
80127,4,3,4,1,7,5,5,2,41,ad7e5c54b7c066f87412,72
80144,3,1,6,3,3,1,5,3,40,2a2e4c69aea6f174d68e,199
80235,2,5,6,1,3,2,7,4,49,be03f3455378ce347456,315
79966,9,9,9,9,9,9,9,9,2073,c168fc19291373193761,
80277,5,5,5,9,5,3,9,3,30,0c868e8ca22b07efc39d,228
80296,9,9,9,9,9,9,9,9,33,c168fc19291373193761,
80305,5,5,7,1,5,3,3,5,31,76845e777904bf4892e7,
80393,1,1,9,3,1,3,9,5,44,0d210c819af888df135d,301
80395,1,6,9,5,6,3,5,2,49,f9180d9208a3ee1c8798,335
80404,3,2,7,5,3,1,4,1,42,dff2e4843bbf7e0c73f4,294
80428,1,1,9,1,1,1,1,1,20,0d210c819af888df135d,
80488,6,6,2,8,7,7,3,7,53,9140a5788b90c4ab872b,246
80530,3,3,6,8,7,5,7,1,63,51d2fa7d46020369f800,131
80564,3,2,7,5,5,3,7,2,47,e7a061b28ff718e19efb,382
80597,3,1,6,3,2,1,1,1,22,1531c8101d91ff3cc2f9,1
80625,4,5,5,6,6,4,3,3,41,b22896ed002a969dd508,
80627,3,3,6,2,3,3,7,1,47,3397ee4601afe3baf761,
80669,4,3,8,6,6,2,4,2,40,85394033d54f5b778b5a,20
80790,4,2,8,2,5,1,4,5,92,590a3111051480e29005,186
80850,3,4,3,9,6,,9,7,36,0c868e8ca22b07efc39d,
80894,6,5,3,6,6,2,4,4,38,1a20358f15647b55ef53,101
81060,5,5,6,2,7,2,4,5,59,74bd217cc9e37c428f61,229
81162,2,3,4,3,5,2,5,2,36,6f755a2e039a472b0600,286
81225,8,6,4,8,7,8,5,7,30,314d34aa6d2f3a8e5452,168
81231,6,6,2,6,7,4,2,5,59,28a25e0fb210850cc93b,10
81321,1,1,8,8,7,1,3,4,53,4fd6443965af75ac06c3,205
81361,3,3,6,3,6,3,3,3,52,beca7c05947220c73123,119
81391,5,3,7,5,4,3,5,5,25,d1cc137f2fe81aa7a3c8,386
81467,5,6,4,2,4,2,8,2,46,99b0f09ed6fecfcdcda8,
81584,3,3,4,3,6,3,2,6,53,ae7c4da0839cce80ff0c,179
81612,5,5,5,6,5,5,6,5,45,6d88b6921235cce036c3,230
81622,3,4,5,5,6,1,7,2,32,a0040f5af92248d8bc38,362
81657,5,2,6,3,2,1,5,1,39,9a6a67857787b033d037,194
81739,7,6,5,8,8,4,8,6,46,4708bd72c85d89cef582,244
81741,5,3,7,5,4,3,7,5,42,b58196565ed86feacd97,221
81743,7,3,2,9,6,2,2,5,67,64a981a48b63385cfc7b,352
81770,3,1,7,3,1,1,5,3,57,c2cf1a918fe14050a382,144
81799,4,5,3,2,7,3,4,6,58,5a0411371df7b2029d25,252
81866,6,3,3,6,4,3,6,4,101,663ff1395ba2e3c0e05f,105
81953,7,7,7,7,7,7,7,7,10,4708bd72c85d89cef582,
82014,6,3,5,3,6,7,3,4,39,2eb55b972be9cf9239f9,
82023,2,3,6,3,4,1,3,3,45,1c675f43a27f7560889d,439
82130,2,1,9,5,2,2,9,2,54,72595aa78ecba1aa9485,12
82148,3,2,9,3,3,2,7,1,23,15734747e3b7c1bb1886,351
82175,4,6,3,5,4,4,3,5,54,f381d70c347cb88c06dd,322
82205,3,3,6,3,5,2,7,2,60,31a5629cd52fac6faeeb,293
82258,3,3,3,3,5,3,3,3,52,b8a36cb624fa1c260487,116
82320,3,3,6,1,3,3,2,1,39,18675c09ce7735435ab1,314
82362,2,9,1,9,5,1,2,2,58,1d8c801fb7bfa34aef5c,237
82366,9,9,1,5,2,1,5,3,68,3c43a7d0310bd2e751cc,223
82399,1,3,6,1,2,1,5,2,37,7ae5625d42191f31d9d7,
82419,3,2,6,1,5,2,4,1,94,9411d8300fd1360145a6,333
82436,1,1,7,6,8,1,6,3,32,5da9428c243feab5a841,374
82489,5,4,5,5,5,4,5,5,44,b58dc21fe5af70c6207b,83
82500,3,3,3,2,4,4,7,4,61,da10c15eeab27ca1ae4d,165
82517,8,7,2,8,8,8,2,4,62,e5d40442b0c26dcd0bb2,349
82579,6,4,6,4,3,3,4,5,72,9b77791a4f403dc610ef,446
82626,4,1,9,3,5,1,5,3,30,d5f00b8037b9b7aff883,262
82651,3,5,8,2,7,1,6,3,50,4cc7849170002fa2511e,36
82659,3,3,4,6,5,2,4,3,81,37e6d418ae3ab4f36c84,156
82732,6,4,4,8,4,3,2,4,43,23252ac8a8ca3766c942,137
82740,4,5,5,3,4,3,5,3,64,c2041382dc154058f174,289
82796,3,4,5,1,4,4,4,4,51,653271fabeb5e4c6071c,272
82839,5,3,6,4,5,3,5,4,55,8af0883e9630a9f4a6bb,
82859,3,3,5,4,4,3,4,3,37,aacb13e57df9c6b706e1,303
82956,6,3,7,6,7,3,3,3,51,1e4edc4f4a4bb8deda96,47
82965,4,2,7,3,3,4,9,6,30,9f34341fdb2dd6930022,107
82982,3,4,5,7,4,3,5,4,47,b2cb9928c63dc7bbc00c,
83039,6,3,7,1,6,3,2,2,43,f7cc47312c750f006b0a,81
83232,9,6,7,2,6,1,1,6,38,0378ea69ff840052501e,284
83245,6,3,5,2,5,4,3,3,63,fd7c1710a195f34ea11c,23
83247,5,6,2,1,6,7,3,4,68,89025b760cd86b085b8b,145
83375,7,4,5,7,6,6,4,5,54,c1b389f82503c430bc6c,402
83618,2,2,6,4,5,2,2,3,44,fcd753ff221f435fc352,11
83625,3,3,6,1,3,1,7,2,51,638d4a9a6933dad10de6,430
83644,5,2,6,7,2,2,5,5,52,f9d474ef69311b50f061,276
83825,4,2,6,3,3,3,8,4,53,68809b7c2424513b8aae,40
83854,6,6,4,4,4,4,6,3,35,b654d2e387d8d5f8e13a,306
83905,6,5,6,9,7,4,5,2,42,bec4ea7971f27be99012,387
83940,1,2,5,5,2,1,5,1,45,4ad039bee1f4e8234fb8,461
84011,5,5,5,5,5,5,5,5,18,dfc8310106a9864abf68,155
84024,6,6,5,9,9,9,2,7,202,26c82f3523266ba76737,210
84038,4,1,5,4,6,3,6,3,24,bf79807c68c7f298e468,30
84097,9,9,9,9,9,9,9,9,13,26c82f3523266ba76737,
84153,4,5,3,8,6,4,7,4,53,689f03685f62c7ddcb69,363
84163,4,3,6,3,8,6,5,4,33,b1d93724af23f094fa8c,87
84192,5,3,3,9,4,4,4,1,122,158f6def84220f8fc1e4,142
84228,3,3,7,1,5,1,4,2,35,4c24913675798b9f1644,391
84274,7,7,3,4,8,5,6,3,46,4521c36142ccb47d0055,39
84291,6,7,1,9,8,9,7,7,34,c3ab7162adad35d4aa07,
84294,5,6,3,6,5,1,4,4,33,24594655ab2f32751d0b,412
84328,7,5,4,7,7,4,6,5,56,64a9dd1ebed8a7c245a9,193
84342,8,8,2,9,8,7,2,8,56,c3ab7162adad35d4aa07,
84381,6,3,6,2,5,2,6,2,44,e3f966ab40e56878758a,406
84392,5,2,6,1,3,1,2,2,40,c96aa8a085baeeedf5f6,79
84395,3,5,5,7,7,3,2,4,28,31ed60b63f5d63f298dc,28
84397,4,3,5,8,6,3,5,4,70,614f21195f8f7bbb7df8,361
84467,8,7,1,8,6,5,1,5,48,3d332469aef2235ea21a,126
84489,4,5,4,9,7,7,4,8,13,4521c36142ccb47d0055,
84520,3,3,4,3,4,4,2,4,37,67b59d42fb0c763f829d,
84546,7,5,6,8,4,5,3,7,15,1b5d2c00395744fd5521,
84543,2,1,9,5,6,4,6,3,69,3515e87b8815cdd0c54a,368
84637,3,3,2,7,6,3,3,1,182,25865aa664da19bfeea0,136
84748,2,3,3,7,6,3,3,3,82,25865aa664da19bfeea0,
84780,2,2,7,3,2,1,7,2,59,e06647ef0801d82386ba,455
84782,3,2,3,1,5,3,4,1,75,81e0f7da93b0302b9609,344
84825,3,2,7,5,4,1,5,1,53,efbee07be6aa9ee6ea9c,277
84860,3,1,9,5,3,1,7,1,30,c3a645542f351aead460,224
84927,4,3,6,5,5,1,3,4,61,1d4c0735302f79f1f3df,422
84983,3,3,6,4,6,4,4,4,49,b8a37cad2b82cdc6466c,217
85000,2,1,2,1,2,2,8,2,32,e06647ef0801d82386ba,
84990,6,5,3,4,5,6,5,4,218,381823fe845682c4cd75,114
85033,8,7,5,9,9,5,8,7,100,580b5638d6389cf0052d,190
85063,7,7,2,9,7,6,3,5,48,5294e1d4ec634decd647,146
85087,7,5,2,7,6,4,1,5,40,bf8cd6e7265ef4704127,86
85116,1,1,3,1,3,1,7,1,31,6cce4adf35038097bab5,
85123,5,5,5,5,5,5,5,5,11,5294e1d4ec634decd647,
85155,3,3,4,1,5,5,5,5,30,694c764233582cbe11e8,8
85163,2,3,2,9,7,5,4,4,31,177336443946db1ea86d,302
85191,2,4,5,1,1,3,7,5,46,cb4db381156845d040ed,466
85328,3,3,3,5,4,1,5,2,39,559ff0fad153c3b1c3a6,159
85339,5,5,8,3,5,3,7,5,36,126a25afa450dd3fc5b5,313
85345,5,5,5,5,5,5,1,5,37,a6b7d720dafa5d9524f3,38
85359,6,3,6,6,6,4,2,4,37,0733ff5f8e011d3c7cc1,
85361,6,5,3,9,8,6,3,7,30,990096889f57b2061fb3,
85376,5,4,6,8,5,6,3,5,46,90209274d105bb1e5d57,
85379,6,5,6,4,5,4,6,5,35,ccfd1b75ee5ec340025b,
85384,5,2,4,3,5,4,3,4,107,2c1ceb7a667464ccf285,408
85442,5,7,6,1,3,6,5,6,35,cb4db381156845d040ed,
85562,7,3,6,2,3,3,5,6,37,c7ce36e94c309cfadb82,
85578,2,1,7,3,3,2,7,3,25,1de5f3cc9117824bb622,465
85623,2,4,4,4,6,3,5,4,39,b105e4d3856e47443f47,69
85632,3,1,9,2,3,1,5,1,1264,727313d76d9d00a769cd,123
85723,1,1,8,1,1,4,4,2,55,60446b5045fd82a0c246,68
85829,6,5,6,7,6,6,5,5,65,61ca9ac9170e5ccb1aa8,
85857,3,3,6,1,3,3,8,3,27,06b81976c253d43dcfac,318
85905,1,2,3,5,1,3,1,5,33,e0ce1fec6103eb61d457,347
85964,4,7,1,5,6,3,2,7,38,2ffe7914ae4343151a13,6
85995,8,6,2,8,6,4,2,6,48,21d7802f331a70abf592,
86004,7,5,1,8,5,1,2,1,48,87ba2297875e975e9fdd,180
86009,7,7,7,7,7,7,7,7,12,d8deacb958693e260a2c,
86028,5,6,6,5,5,4,5,4,50,f14222f276d9c11e00e3,297
86051,4,5,4,1,5,5,6,4,45,d0a66b5241a765c0e99e,24
86062,8,8,8,8,8,8,8,8,14,d8deacb958693e260a2c,
86081,3,1,6,3,3,1,7,4,41,864a8ff9dcbefaf8cf66,202
86106,1,2,8,5,4,5,6,2,79,8d23a1c9c064ca0c5c76,70
86192,6,2,8,1,1,1,3,1,53,c8c5e901941dcd7c17a0,109
86257,5,5,2,9,6,6,3,7,58,a613767209b9372dd807,35
86286,6,5,2,5,6,5,3,4,35,a9688a549d9f8d5c1072,394
86308,3,1,8,2,3,4,4,5,44,864a8ff9dcbefaf8cf66,
86324,5,3,6,7,7,5,7,5,43,679dd607383bdbc736a3,285
86343,8,6,6,7,6,6,4,6,59,1669b2fb9fe3af0a1bda,218
86400,2,2,7,1,4,3,6,4,29,411bbc7a332b5a80dfbb,59
86447,4,4,4,3,4,5,4,4,36,1b6aa6cf7d583be315bd,407
86467,3,3,2,1,4,1,3,1,35,7043383baf1b2f01e9e6,359
86473,2,4,6,2,6,2,1,2,63,72d6b8e6fd1f658859d5,34
86525,3,5,3,8,6,5,6,5,33,eba06ba34e3fc6bd26f6,52
86606,8,6,4,8,7,7,3,4,120,52abbe9d7fb51fa8bc14,92
86640,7,4,6,7,6,6,8,6,25,648e381d675f66cf0ec9,
86705,4,3,4,1,6,3,4,3,43,5cc5c5253ca0dd43f6f1,
86741,5,2,7,3,4,5,3,4,98,ed22f95390ee9da01665,63
86769,5,6,5,3,6,4,7,4,141,be43f36321beab09e5da,
86819,7,8,6,8,7,8,7,8,24,19da3e4416ba4fcaf2dc,334
86835,7,7,7,7,7,7,7,7,18,be0372abb9ed5e25665d,
86847,4,4,5,2,6,2,4,3,54,9e61ea13eac9fd190175,462
86886,2,2,9,1,2,1,5,1,22,23dd7e5c60ebfb17da47,215
86897,6,6,4,2,6,5,6,5,78,be43f36321beab09e5da,
86920,2,3,4,3,5,4,6,4,71,52abbe9d7fb51fa8bc14,
86936,8,7,5,6,5,6,,7,210,52abbe9d7fb51fa8bc14,
87010,5,5,5,5,5,5,5,5,357,11255cfb04dc93f261db,296
87049,2,1,8,2,3,1,5,1,44,86c80587b8aa24cdecca,271
87051,4,4,5,4,5,2,5,3,35,16eacdb407bd48b6fde5,423
87072,6,5,3,1,4,3,1,2,42,4b900a756200d1033d3e,398
87111,2,2,9,6,6,4,4,6,26,d585211854bbf5f33cb6,133
87139,6,7,3,9,8,4,3,4,24,c23bda1f08c7f66815c3,299
87160,6,6,4,3,7,7,3,5,592,20efa2e5517768ea0fc7,354
87188,4,7,2,7,6,9,3,1,56,ca616f9411862e6f2a25,380
87221,6,2,6,7,2,3,5,5,58,2c148e543bc44118f737,138
87313,3,2,4,6,2,1,3,2,33,716ad1f12315f883701e,235
87323,1,1,9,5,1,1,5,1,30,0c4bbad92ad7f6ba88ca,431
87329,8,8,2,3,6,3,7,9,32,4904d43df104013fd5a7,
87335,4,5,5,5,5,5,5,5,119,4904d43df104013fd5a7,
87369,3,2,6,4,4,3,2,2,24,139dd6a1299de944c451,453
87404,1,3,3,3,6,5,7,3,61,44060a63c314693a567e,348
87439,4,3,6,8,4,4,3,3,43,4df6e47adccc384c112a,
87500,3,3,6,2,6,3,1,4,66,2d117bd0f7c0c8701ee7,
87532,7,4,4,2,5,4,2,6,41,7b623a07ba7d9d41d9be,203
87537,4,2,7,2,3,3,5,3,34,69fba8bd50ada9ceb073,261
87569,7,1,8,1,6,4,7,7,31,9450bf06cb86644ff813,170
87577,2,2,6,1,6,1,5,3,22,500bb7ae23043ff53023,390
87625,6,6,4,5,6,6,4,6,33,a41fd856d55d047208ef,53
87659,3,3,7,3,4,2,4,2,38,b13ab03b5ac8741fba1f,263
87682,7,6,5,7,6,6,4,5,47,528b5972a14f8c5e87c9,222
87701,4,2,7,2,3,2,4,4,27,ae8bc3c04d0057d19449,268
87716,3,7,2,8,5,8,3,2,46,ca616f9411862e6f2a25,
87784,2,1,9,1,2,1,9,1,54,298ce4427d2d30edb081,177
87799,3,3,5,3,6,5,6,6,39,7cacd69df806a06300df,375
87813,5,4,6,3,5,3,2,6,42,dac4d4dd724576a0939f,403
87815,5,4,5,7,7,6,7,5,25,848f40659a6be2a0f947,176
87835,1,1,1,9,1,1,9,1,62,848f40659a6be2a0f947,
87836,1,1,1,9,1,1,9,1,51,44cfd7dcf17aa3c6b409,360
87885,6,7,3,4,7,6,4,5,53,241e735171557bd9eb38,247
87938,7,7,6,5,5,6,2,4,20,241e735171557bd9eb38,
88002,4,2,7,8,4,3,5,3,33,a63356ec6724a0b0d7cb,37
88022,4,4,5,6,6,4,3,3,232,512dea69767f70b6523e,
88030,3,3,6,4,4,2,4,2,23,035fe0e129c3ec4d53de,152
88062,3,6,4,4,5,4,5,4,58,1a00bdab9fd9fb8b42e6,117
88145,6,4,3,6,6,5,4,5,44,0bff0b5febf470a965ef,419
88153,3,2,6,8,3,2,3,2,31,8fc774c024482fb283be,
88154,6,1,7,2,3,1,7,3,30,14c601e4ad61e0872134,157
88196,4,4,5,7,7,2,3,2,43,9fb3c0d8228d8ba2317e,58
88233,3,3,6,8,3,3,6,4,26,8fc774c024482fb283be,
88245,7,5,3,6,8,7,3,5,36,07d844ec616dab51f7ab,319
88265,6,5,4,7,5,3,5,3,49,4354657f374dabad2b80,173
88270,2,3,6,8,3,3,7,3,68,8fc774c024482fb283be,
88287,3,1,8,9,9,9,6,7,52,994b1668d6f2ec3795d8,
88357,7,4,3,2,6,2,4,4,43,f76d39e1c0f3a3572219,248
88367,5,5,5,5,5,5,5,5,15,994b1668d6f2ec3795d8,
88392,6,2,3,9,4,7,1,4,51,9f04ee1c8ce91dc68f58,32
88426,5,5,6,6,5,3,7,6,45,d19c5f455d39b8db3a21,167
88506,4,4,6,7,7,1,1,3,44,1b5a1aa3488972769799,
88507,8,7,4,3,8,7,1,6,22,3ad127403ba4e318dafa,16
88528,4,3,6,7,4,2,6,4,50,0802c2b931c7eec8060e,
88582,5,5,4,5,5,1,5,1,43,a1e4118bc7580b9557a1,452
88640,7,1,9,9,9,8,2,9,73,e353db01d775e854b0b4,454
88642,5,5,5,6,5,3,8,5,25,d19c5f455d39b8db3a21,
88650,4,7,2,8,6,3,5,7,196,670046e7fdd5a9fc65e3,371
88699,7,2,3,4,5,3,1,3,45,344a7a7e0fe50adc0f1d,433
88717,3,3,6,4,4,2,5,3,29,b446d9719ff21a515385,420
88774,7,3,2,5,6,7,3,5,32,7edd3ce15e580eaac9c6,366
88790,4,2,6,2,5,4,2,2,45,36f3b1d8a22f13294dae,198
88797,4,1,9,1,3,3,6,7,52,16ad1b4d1ff06f3ee044,64
88816,6,3,5,7,7,5,4,2,62,8cd9d8ca6b0b0ea1afef,251
88927,5,3,4,1,4,1,4,2,51,50ea5851d22171be01e8,148
88990,6,4,4,5,6,3,3,4,32,78a3aec60afc25488413,130
89049,6,4,6,7,5,4,7,4,45,5fcba5d5a61a781d0f48,
89058,6,2,7,1,2,2,5,6,28,22932116113321c78b64,
89079,1,3,7,4,6,1,9,2,43,476b6bebccf61ece7757,33
89099,4,2,4,1,2,4,3,3,30,f1250b4caa190e79ee32,
89155,2,2,8,3,5,3,2,1,72,63fcb0f23da57f3304ad,
89167,7,3,6,2,6,3,5,5,38,1f04f074f31d863508a3,428
89202,7,7,2,8,7,6,5,3,55,581bd217975908cd989c,377
89258,,,,,,,,,24,cfa0d50bc320b0b90a5e,414
89295,7,7,3,4,4,2,5,3,35,ed5e11be679ca889709a,46
89316,5,7,5,4,5,3,4,6,44,98f3ddd73b21b3fe312a,7
89357,5,5,5,5,5,5,5,5,20,5ade6f552d527f458458,55
89390,3,7,3,6,7,2,5,4,110,756ad25861bd3adfeb70,234
89395,1,3,9,3,7,1,5,1,40,277912969f9792ac1a7b,
89404,2,4,6,4,3,1,3,3,47,083ac9c210bb5d50dcca,153
89422,5,2,6,7,4,6,1,3,66,b914a1ebc43b051ddb71,395
89463,1,7,9,3,4,1,4,2,32,277912969f9792ac1a7b,
89489,6,7,3,5,7,3,4,3,40,b151959755837a20336f,269
89508,3,1,6,1,1,1,4,3,37,64414c38c8082ebdf8fc,
89552,4,3,6,6,5,2,4,5,142,c91e8a8242e8579ddf0b,18
89599,4,3,6,4,4,3,2,3,49,e6e97dd5e1e86a4a2e53,127
89639,6,6,3,6,8,5,6,5,150,635a4f6658e98eecdb0b,
89654,7,7,2,9,7,6,3,7,30,6b286cf49485238cee46,178
89665,6,4,,4,7,4,4,7,32,1a00bdab9fd9fb8b42e6,
89679,6,4,5,3,7,4,4,4,24,1a00bdab9fd9fb8b42e6,
89715,3,3,6,6,5,1,6,3,51,cadc2333565e7ee3b14e,260
89728,3,3,8,5,3,2,5,2,50,4b620ad01eeada9c32e7,424
89729,2,3,6,2,5,1,5,1,60,5b47c5a9851e4094c684,429
89759,3,2,7,3,4,2,8,2,53,a4327bf2f6d6a0d67310,128
89788,7,7,3,6,4,8,2,7,41,74aafe3bb5300694f76b,192
89819,4,4,5,3,5,1,5,5,85,6e3830a8f2890bc5dd31,183
89832,6,2,7,5,5,3,6,4,53,78d2397b6cb45550d5c0,110
89942,4,4,4,4,4,4,4,4,16,19fddb79bcc2f58c3391,
90030,4,4,5,6,4,3,2,3,75,ce22cd618788aafbad0d,42
90090,2,2,7,4,3,1,7,1,37,d7edaaa90ccbad8f8322,290
90116,7,7,3,7,7,6,5,5,49,45f50d9fd172ebd3dcc9,200
90115,6,7,3,1,7,6,1,3,101,5111656087213a604dc6,291
90177,4,7,3,8,6,3,5,3,62,118401ee335f7e206162,463
90197,2,3,5,2,3,1,4,1,37,d38d0e1ddc22c137a59e,25
90198,5,6,3,7,7,6,3,6,54,00c58daba7afceb197a2,445
90222,5,4,5,7,6,5,5,5,66,10721429635bf593e7fa,60
90253,6,5,8,7,7,5,5,6,73,a2693d54ad0cdf1881f2,416
90287,7,5,7,5,6,6,6,6,10,a2693d54ad0cdf1881f2,
90311,5,5,2,5,5,6,4,5,28,a67cae09235149975dac,421
90324,3,3,2,3,4,2,3,2,59,626248d084fc85679715,236
90328,9,9,8,6,4,3,5,3,47,19fddb79bcc2f58c3391,
90383,5,5,5,5,5,5,5,5,10,3223005d463c66742ea5,
90387,5,3,5,5,5,3,5,5,32,6e108fac9babbe245751,372
90392,3,7,1,8,7,7,5,5,34,184c31f2c01099605998,309
90453,5,4,5,5,5,5,3,5,31,0ebbefb823eecda5dc5b,
90472,5,6,5,7,7,6,3,5,72,d609059c673e46780b2b,120
90489,6,5,6,5,7,6,4,4,45,5bfe57594aa4aa172c11,
90525,6,4,8,3,5,2,7,1,57,fec1c542a1d493ef7f85,
90550,5,4,3,9,5,3,5,4,51,947a01b1118b97cf12aa,163
90611,1,2,3,4,5,6,7,8,19,947a01b1118b97cf12aa,
90617,7,6,7,3,8,1,3,3,54,f1c9085875f0f5664298,327
90627,3,2,6,1,2,2,2,2,25,323f6718fcb81ccf24b9,283
90645,2,3,4,5,4,2,6,4,22,41cb5d1f1050eba8deb3,325
90721,8,8,3,9,9,5,7,8,28,00ba5d2980e0f895721a,295
90744,2,2,8,3,4,2,8,2,35,7be60bc9e5d8249ab8ff,338
90754,1,2,3,2,3,4,5,6,17,947a01b1118b97cf12aa,
90766,5,6,4,6,4,5,5,6,16,947a01b1118b97cf12aa,
90774,1,2,3,3,3,4,4,5,494,947a01b1118b97cf12aa,
90789,1,2,3,4,5,6,7,8,12,947a01b1118b97cf12aa,
90802,2,3,4,3,4,5,6,7,346,947a01b1118b97cf12aa,
90828,7,7,1,8,5,4,4,3,64,9dc189594857cc0839da,216
90869,3,3,3,6,5,3,5,4,65,524e61c893f67fe645b7,184
90882,7,8,1,9,6,8,1,8,49,604e14cf358ed59dc795,56
90911,5,6,2,9,6,3,4,2,71,7d8c3ae8405f09ddfad2,
90958,7,5,6,6,7,3,4,4,87,ba9aff03829d9f6b4478,111
90969,2,3,7,5,2,2,5,1,102,33a88d9d5287e88687f9,
91030,3,3,5,2,5,6,4,3,49,9fb5be017849899aabfb,404
91041,3,4,4,4,4,4,4,4,12,bec4ea7971f27be99012,
91070,5,5,6,4,4,7,6,5,9,bec4ea7971f27be99012,
91078,7,6,5,4,4,5,6,5,10,bec4ea7971f27be99012,
91099,4,4,4,5,6,5,5,4,8,bec4ea7971f27be99012,
91126,6,7,4,9,6,5,3,4,50,eb420a1fefc5e5062580,331
91154,7,6,3,7,5,7,4,5,27,314d34aa6d2f3a8e5452,
91200,6,5,6,3,5,4,7,2,37,4927794c1f3af1a5aad1,65
91212,6,3,8,7,5,1,1,3,39,6f7159d190f57dd8363f,160
91273,2,3,3,1,5,1,3,2,63,782e731d1ba35ba37a3d,143
91298,4,3,6,3,3,3,1,4,37,127e3bf6e09c42051d56,21
91362,5,5,4,5,4,4,2,5,38,50610a399599e9972aa2,41
91389,7,5,8,5,4,7,8,4,55,9b380d9e0e2392df5e8a,250
91465,4,4,3,3,4,3,4,4,28,82bdb871d46dd8d2b01e,448
91487,5,3,6,5,6,3,4,3,41,c5c848e9f9f2bfbf54a7,330
91556,4,2,6,1,3,2,5,3,25,fab99426f97f56d1de32,307
91592,5,3,6,3,6,2,5,1,52,8294cc55866f04635d7c,162
91618,3,3,7,3,,6,4,5,20,bfe02df001c5fe0980c3,
91653,1,1,2,2,6,1,5,1,36,a892207d901ccfbdf789,
91683,3,2,6,6,5,1,2,3,22,727c4e75212e48b8581d,255
91727,3,1,2,9,7,7,5,3,61,addec27ed6e5e14ee0c0,405
91846,5,3,5,3,3,2,2,2,27,08f2a925eec924f82ce1,274
91912,9,6,4,5,5,6,4,7,34,a00af6f75c397d8a98c0,169
91916,4,5,6,5,4,5,6,5,95,a00af6f75c397d8a98c0,
91952,2,2,5,1,5,3,4,2,66,c2d9104a490c727f1793,458
91962,1,1,1,1,1,1,1,1,11,c2d9104a490c727f1793,
91974,4,4,7,1,2,1,7,4,38,a922542e2c25bd5c7dea,384
92016,5,4,5,2,6,2,3,5,43,e937c674e7d7b9536669,300
92037,6,5,3,3,3,6,5,6,62,7166469b4aba144e4c82,393
92104,3,5,5,4,5,8,3,3,84,d9d638a03338d439e3cc,103
92177,2,2,8,1,3,1,2,1,42,73e1c3d6b0674107bd19,
92245,7,5,5,2,5,6,6,6,47,507407051a111cc19a0e,376
92303,3,1,7,3,2,2,5,1,42,0eceea6b80ddbf9682ac,45
92329,6,4,6,3,6,5,4,4,25,214429523d83e5936422,341
92351,3,3,8,5,4,1,5,4,44,60d29b2b4dc41c69e729,
92361,6,4,2,7,7,3,3,6,36,5b0dbff043143e451ef4,275
92373,5,4,3,2,4,6,4,3,103,0560b1b506232b55d691,
92407,5,4,4,4,4,2,5,4,36,7b5a41b5f01a927b8fe3,273
92477,4,3,7,3,4,3,4,4,43,7ee0c5bae99707b6b52a,158
92510,7,6,8,9,7,1,4,3,50,9a13896bf75da954a736,
92522,3,4,2,2,4,2,5,2,60,30fc4406d5f36689437f,436
92532,6,3,6,6,6,6,6,3,37,293c1553c40d0e67b0d6,324
92617,5,5,4,7,5,5,6,4,67,0553573dddca5090145a,401
92669,4,4,3,6,8,2,5,7,38,bb2b2f2ace786caecdfc,100
92746,3,1,7,3,2,1,3,1,35,5c5e7decc1447b2a1b9a,249
92911,5,4,4,6,6,5,2,7,60,83dc7c49011ac83eec20,316
92917,5,5,5,5,5,5,5,5,16,aa89f42705a5440cf7cc,
92926,6,6,6,6,6,6,6,6,16,aa89f42705a5440cf7cc,
92968,3,3,4,4,5,5,4,6,61,6263e7ee01bb9fb59677,89
92978,2,1,8,1,4,2,5,3,23,d8885e2eecbbfe966144,
93012,7,5,6,5,7,2,5,4,31,dc9b9030ebc27bb5ca79,266
93104,3,2,6,1,5,5,4,2,31,f51ad2cba34e61f0a272,135
93280,5,4,6,3,3,6,5,3,44,637cb26f04c707efa5a3,95
93322,5,3,3,6,4,1,4,3,50,5393cbd22650f613b453,149
93422,8,4,7,5,6,4,3,2,39,6afa98af9dca45841275,321
93440,3,2,6,3,3,2,5,2,52,47f0e89f7b8964fb908e,232
93470,3,2,4,1,2,2,2,2,52,0f4de151c85460d74a1f,365
93498,4,1,8,6,2,2,5,1,109,27f6e77bacabbcb885af,187
93550,3,1,7,4,1,1,5,2,44,6de4d88f2d3c9b5ed94e,122
93569,6,4,6,4,6,5,4,6,45,8a3b2ae8eae19044b353,80
93589,6,2,3,2,6,4,2,2,54,19c99565121b38dbc901,450
93610,5,5,5,5,5,5,5,5,19,0877002cbbfb145c1032,
93628,5,3,7,7,8,9,5,5,40,c3a8a367b935111cddb7,323
93738,3,2,6,3,4,3,5,4,27,65fb838926622601bf1e,
93764,5,3,7,5,3,1,4,5,51,9492917bed7f2b954d11,
93883,7,4,7,1,7,3,2,3,33,e93f463dffdb006d0265,82
93966,3,2,7,4,5,3,5,2,46,6ec79a60db41d630b33b,343
93993,1,1,7,2,3,1,9,3,42,4e8b18a29a0b4019a2a8,317
94061,1,1,9,1,6,2,9,2,63,7354b032bf135914f9b9,418
94089,6,4,4,2,6,1,6,3,38,334c6fbe9bdeedd14db2,112
94120,7,4,5,9,9,9,4,8,105,c348e1d1d40809cdaa5e,98
94183,6,5,2,7,6,4,1,6,67,f7ae14edae0eae7d80fc,
94221,5,6,3,8,5,3,5,4,60,70a381e8775f1174f2bf,264
94244,5,3,4,4,5,2,2,2,49,236641095927fff4e5ba,211
94305,5,6,4,2,7,1,8,4,63,0dd02463e255879f6f3e,451
94379,4,3,6,4,5,3,4,1,46,b3f80b234d05256cc79d,
94384,7,3,6,2,3,2,3,2,42,6ba5155f30cac334d777,115
94446,3,2,7,3,5,1,5,2,25,4be2a253b06f5e323bb3,182
94487,4,3,6,7,4,3,6,3,49,64167ceab257b906cb57,241
94514,6,6,7,3,5,7,3,7,67,ec0ff8554c37cfe8fa29,292
94561,3,2,7,7,4,6,5,1,78,dc52234fce75557fd294,243
94576,3,3,3,5,5,3,4,5,27,7945843d19dedb9aedef,415
94611,2,3,8,1,3,2,5,2,51,be15b2200bdeabe70c50,410
94722,8,1,7,8,3,2,6,3,45,c95ed68479f1c0df2ec1,207
94773,6,6,6,1,4,5,5,4,80,64b1ded6d17d24a505fd,71
94806,4,4,3,4,5,6,2,4,37,e6401a81bad0e95a4fb2,
94816,,,,,,,,,8,9f998921f94dfc3549d9,
94826,5,2,2,2,3,2,5,1,70,f028816dac8a6a4ab8c6,355
94976,3,3,6,2,3,1,3,1,35,0f5b5e92081699e28765,
95124,4,1,6,1,6,2,1,1,96,62833c50b09feeb7daa8,304
95171,6,4,4,3,4,5,6,4,52,4093bca287d03e18571c,91
