testId,12,4,timeSpent,uid,chain
72767,1,,98,6474e531b61d1c298665,383
72939,,1,49,93b6faa838da6855f121,258
73073,,1,56,c1afcee8400833039143,389
73080,,1,8,c1afcee8400833039143,
73103,1,,55,15f381981648890bd162,124
73134,,1,60,93f6efd5189bc2f27b54,50
73169,1,,63,7c1013224b65a081d974,118
73175,,1,60,a7927a93b0ac95b336ba,287
73201,1,,85,4f7a4c1aee42e5c8e8b5,48
73223,1,,12,de2401f0e4e17d0c644d,
73228,,1,68,a7b847156dc7f6c498b2,2
73283,,1,42,750a4a00ffcbe67e5db7,140
73413,1,,7,4a1f0fa3dcffd49aab23,259
73452,,1,65,0633627066210afdb584,353
73546,1,,44,c0607cf2293dbe01d3ed,172
73214,,,11,de2401f0e4e17d0c644d,
73685,,1,34,db20122421b453063c33,132
73707,,1,51,b54bba93647f4d149a6e,66
73709,1,,33,8da30b1ecf285ec0fe17,15
73728,,1,103,9bba2b2565c516624bb7,464
73732,,1,78,b4211abe38812cefe995,204
73762,1,,16,8da30b1ecf285ec0fe17,
73859,,1,10,b268bbe24a659fd07775,189
73867,1,,33,643505aca0cda16756c0,164
73872,1,,28,f07b8833c6b68a83671e,364
73896,,1,49,4a6669d76845a4771177,444
73925,,1,42,d5c963799e15fb2b6b32,
73931,1,,11,52790d7e8f7efaacd519,27
73940,1,,76,5e9bd9fa0e2b2c1d65c5,219
73978,1,,48,73a428ea8827ffb7687a,77
74088,,1,110,cc97d375004b0cf31e18,
74092,,1,17,cc97d375004b0cf31e18,
74170,,1,33,ca753b78bbc287d3182a,432
74247,,1,38,05238f2783ad2e582169,267
74303,,1,52,c55a7b25f359bd7a761a,358
74319,1,,48,f65088d40423b5e72324,151
74335,1,,59,8fd25c404514739d06a9,62
74359,,1,10,8b96b2eba790c5478648,226
74398,,1,11,2fd0565646dd07ba3b6b,75
74416,,1,74,9e1637cb998028362c33,17
74431,,1,18,9e1637cb998028362c33,
74435,1,,57,cecb2c359d12ef875358,350
74447,,1,13,cecb2c359d12ef875358,
74484,1,,60,6797882cfcd474fc1d83,417
74493,,1,18,6797882cfcd474fc1d83,
74505,1,,51,73486734f84ad4dd4dcc,399
74526,1,,597,eb2033b5b60cb5e68996,0
74549,1,,49,56fe86e4d1363e1a38f2,
74570,,1,12,f497a6ec862298a5f6ca,437
74633,,1,12,0ccaaf0630349918a644,265
74637,1,,130,c300685fc71fe479eb9d,96
74676,,1,66,870d821c575fb4d6fa3e,425
74754,,1,48,35823aa38de2efb9c97a,357
74761,1,,48,d5c963799e15fb2b6b32,
74770,,1,169,4233181fc4c9bc696970,
74787,1,,71,4e4d8bb4d36136905a42,388
74791,1,,11,4e4d8bb4d36136905a42,
73908,,,1,4a6669d76845a4771177,
74867,1,,57,d1b535497b9a5050b5d4,209
74927,,1,51,85f13660defe7b3cd695,320
74942,1,,41,c1fe874d181f0efbf20f,195
74945,,1,56,d30ddd5e85bfb0829df1,426
75016,,1,43,53bc695ffa787aa6895a,206
75027,,1,38,87c2d87f862277ec63ed,240
75039,,1,62,56c0491c6da4efc849d4,129
75072,,1,65,f9d4f384038d1cb93102,435
75076,1,,60,f2a843ded7ba20973016,
75081,,1,12,f2a843ded7ba20973016,
75091,,1,8,56c0491c6da4efc849d4,
75120,1,,67,c3ab7162adad35d4aa07,171
75130,1,,15,be0372abb9ed5e25665d,
75140,1,,47,09ae670f8131c3753a7b,14
75151,1,,77,5bf1e455cb8b3cbeecba,339
75163,1,,61,36807386ae0203d7dfc7,49
75202,1,,8,5bf1e455cb8b3cbeecba,
75203,1,,7,ead2b11bd032e2918e37,90
75216,1,,104,5334bfda9b005199e6e7,381
75217,,1,62,9a3cb0840cbcf53b2f80,181
75228,1,,6,9a3cb0840cbcf53b2f80,
75234,1,,6,9a3cb0840cbcf53b2f80,
75247,,1,12,9a3cb0840cbcf53b2f80,
75246,1,,128,65cb0a0fa4fa3149cf5f,231
75252,1,,77,f815a67fb86dd763caa3,225
75269,,1,7,f815a67fb86dd763caa3,
75286,1,,63,42b29c26e3334f399ebe,51
75296,,1,6,42b29c26e3334f399ebe,
75306,1,,12,42b29c26e3334f399ebe,
75323,1,,35,6fd8f0cb386475ca4ba8,282
75336,,1,62,cc6aabf754bc22f46e51,438
75375,,1,48,b3ed7f77d1b66a3f04af,434
75384,,1,55,6c234c2dead813516ba9,13
75543,1,,51,ee1373a94cb46faac1ea,73
75545,1,,64,58ece1cb7b46e47d596e,328
75600,,1,84,aa10df71b77f6b514e4c,342
75638,,1,24,13adbcc10d817ed436a8,
75656,1,,62,ddb6e7718ea45e81659a,312
75680,1,,82,587948a5b0b2a93682a7,440
75701,,1,59,9d8203f1c2ad30aff23a,54
75736,1,,8,42b29c26e3334f399ebe,
75756,1,,13,9d8203f1c2ad30aff23a,
75789,1,,14,31b2166a326e240bd580,245
75807,1,,110,42a5632220af4bd4bb19,270
75815,1,,6,42a5632220af4bd4bb19,
75820,,1,58,1aaea11b41e98781beac,413
75826,,1,69,b2ee7db560ccfcf447c9,201
75867,1,,84,84a27da702578c2bd0a8,121
75874,,1,12,84a27da702578c2bd0a8,
75890,1,,81,874134aa04969e87e937,310
75905,1,,51,234b66a5a7604b6f6d13,238
75915,1,,78,9a2cae841e673241e75a,29
75948,1,,90,ef1aa9e17ce5c8082318,9
75955,1,,18,ef1aa9e17ce5c8082318,
74317,,,13,b4211abe38812cefe995,
75970,,1,11,84a27da702578c2bd0a8,
75981,1,,12,ef1aa9e17ce5c8082318,
75988,,1,9,ef1aa9e17ce5c8082318,
75994,1,,54,b43d13df4381f493a9cf,154
75993,1,,72,77d9e1cd9d8fe73d581e,397
76018,,1,133,d8c03b5f9344a94f5ec1,356
76040,,1,93,14bdbae34d6ec9f06690,139
76061,1,,64,d0b66c2306c3bb6e5006,147
76075,1,,135,ea11538b2cac3118d30d,256
76107,1,,56,7eb323ea031421a39de1,191
76161,1,,44,4a59e94da1bb62688a38,337
76172,1,,5,4a59e94da1bb62688a38,
76189,,1,50,95c39a9ec40e7000150c,242
76193,,1,14,13adbcc10d817ed436a8,
76200,,1,45,5b4bb1674e9a93f9c292,
76202,1,,6,5b4bb1674e9a93f9c292,
76213,,1,23,525b589be1c8a48d0bf7,367
76251,,1,93,5827e018889a09e1dc77,214
76285,,1,22,1f42859346bedeea731e,253
76321,,1,8,14bdbae34d6ec9f06690,
76341,1,,64,ccfd1b75ee5ec340025b,74
76348,1,,49,d035447ad3930eb3b4de,336
76356,1,,8,d035447ad3930eb3b4de,
76380,,1,34,1a9a031275bc5fc5bb1a,102
74548,,,14,56fe86e4d1363e1a38f2,
76403,,1,80,bf3539d1e78455f6a8f5,94
76416,1,,126,c42afd94f270536e6755,88
76421,,1,53,2c4a89fb60b57853a641,369
76439,1,,11,bf3539d1e78455f6a8f5,
76452,1,,88,8d4ee94f78ea59222e64,188
76455,1,,52,b0351ab8f2d74e86b984,150
76474,,1,8,2c4a89fb60b57853a641,
76494,,1,5,b0351ab8f2d74e86b984,
76505,,1,77,5e27db0c89831293ee56,106
76522,,1,67,6c42a102281774f385a8,326
76529,1,,9,6c42a102281774f385a8,
76542,,1,11,6c42a102281774f385a8,
76577,,1,75,a99b8974f7256b5b6913,161
76585,1,,15,a99b8974f7256b5b6913,
76589,,1,72,6802b179c34e31ca8e0b,141
76604,1,,57,30650e5765484a4f0e3b,125
76614,1,,13,30650e5765484a4f0e3b,
76620,,1,12,6802b179c34e31ca8e0b,
76636,,1,58,f6e1d4193a982047d73d,185
76672,,1,53,35a787df7dfaf71bbc49,400
76680,,1,11,f2a843ded7ba20973016,
76683,,1,9,f2a843ded7ba20973016,
76689,1,,89,3223005d463c66742ea5,134
74769,,,17,4233181fc4c9bc696970,
76720,1,,29,5d517f1fc1564dc99467,
76725,1,,66,b18cf6748458ad3f1a80,57
76761,,1,82,4f61e24143a464b0c45d,212
76774,1,,85,3267e30c63b4bd1c2205,
76779,1,,20,5334bfda9b005199e6e7,
76776,1,,148,34ce0a603e1711fb102e,213
76794,1,,63,1a28cd9554d220660198,22
76796,1,,98,9e63c2958f007932e60a,197
76887,1,,67,d2167b5c0c64d8bfa3fe,
76895,,1,35,d8b678c47becfde9e27e,329
76918,,1,27,9b471c48044e5fd1a9ba,288
76956,1,,12,5d517f1fc1564dc99467,
76994,,1,86,d14bbfd4e0e8d80b7597,44
77008,1,,48,11c1a5026e72d8d23d85,457
77011,1,,10,96e9c7818ede1184f1c1,278
77038,1,,112,0d28d56f61c73c16adcd,
77041,,1,15,0d28d56f61c73c16adcd,
77044,1,,56,d6568fa257773670f862,345
77045,1,,137,9941a2d9d678b692e6b2,279
77073,1,,22,dd26f2ed6a0afb061b89,99
77078,1,,58,cc6aabf754bc22f46e51,
77128,,1,29,cc6aabf754bc22f46e51,
77170,1,,53,90209274d105bb1e5d57,220
77199,,1,46,87dd178f50df8ec51768,379
77200,,1,61,d8dca71fd6874637ff0d,392
77212,1,,82,9f1d30bab7b34996372b,31
77230,,1,42,f2c7ffebaa7d9250d0dc,174
77256,,1,71,a134875e108a7808fb8e,257
77263,1,,87,07766a2eacd70f5f4547,378
77270,,1,8,17ffb86c2218f3df5db7,
77284,,1,10,a134875e108a7808fb8e,
77293,,1,80,635a4f6658e98eecdb0b,
77300,1,,5,635a4f6658e98eecdb0b,
77310,,1,61,5dc4d56473e4ac53b868,227
77326,,1,5,5dc4d56473e4ac53b868,
77334,1,,75,17ffb86c2218f3df5db7,
77342,1,,42,2df2928ecb1c98cb426e,346
77350,,1,13,3267e30c63b4bd1c2205,
77366,,1,14,bc4c7c2986ecfb62d63d,93
77384,,1,48,9a986552fba9efccab08,449
77387,,1,65,46b5321fcd45ef46a8e5,113
77395,,1,7,9a986552fba9efccab08,
77413,1,,22,e3a69cbdcbd2701dc00b,
77414,,1,75,7b372b86c39f3270514a,447
77427,,1,6,9a986552fba9efccab08,
77438,,1,12,9a986552fba9efccab08,
77446,1,,31,1f42859346bedeea731e,
77449,,1,83,16423a5dec5862f4b63c,340
77460,,1,5,9a986552fba9efccab08,
77484,,1,30,9a986552fba9efccab08,
77491,,1,6,9a986552fba9efccab08,
77494,,1,8,9a986552fba9efccab08,
77495,,1,4,7b372b86c39f3270514a,
77503,,1,9,9a986552fba9efccab08,
77514,1,,5,9a986552fba9efccab08,
77525,,1,10,9a986552fba9efccab08,
77533,,1,63,144384d690abccfb5437,196
77612,,1,33,7bd53527331361fcdde9,281
77630,,1,51,55f660a87f5bb7a72743,
77635,1,,4,55f660a87f5bb7a72743,
77640,,1,52,aa3b0013d4a833374eb0,43
77657,,1,48,1a7ce6b39b141127d5fe,84
77688,,1,79,21d7802f331a70abf592,67
77687,1,,167,1b5d2c00395744fd5521,
77711,,1,11,aa3b0013d4a833374eb0,
77719,1,,57,92bc4acb5f4bc5b74610,441
77730,,1,43,1a7ce6b39b141127d5fe,
77787,,1,55,55f660a87f5bb7a72743,
77803,,1,60,6d909acdb9f977627151,78
77879,1,,45,e24cfdc567e3ee409b14,26
77914,,1,7,bc4c7c2986ecfb62d63d,
77945,1,,55,73ba24a6f036ec52b949,332
78054,1,,230,541ecc0ab243e171ea5d,175
78090,1,,75,6106eca228f0c1a5d7e1,108
78158,,1,62,ea11538b2cac3118d30d,
78170,1,,8,be0372abb9ed5e25665d,
78145,,1,320,5375ba34a000434d01c1,298
78185,,1,47,8e9107a26147a2280b8d,427
78154,,1,380,946098a84e25fd32c34d,85
78205,,1,12,37ac3b3fbb8220ccb7a5,
78234,,1,34,37ac3b3fbb8220ccb7a5,
78254,1,,10,a6a89a429fb5deb60143,385
78364,,1,47,09b2eb5a2b814ed9aa82,396
78378,1,,54,2d0d3753356c5a3a8225,19
78388,1,,68,770e8a9799d756bc4bd2,233
78450,,1,40,f9d26be55da1de63ab45,308
78480,1,,7,42b29c26e3334f399ebe,
78493,,1,7,f9d26be55da1de63ab45,
78550,,1,57,7b9a1acea6643e7f6ce0,311
78637,1,,71,bea1580c121fc9ce0b90,305
78729,,1,81,a0bb435060aff4c0c3f6,208
78778,1,,86,b69b4a5799e20fac1dfa,409
78821,,1,36,435a3301770d6bb405d5,370
78874,,1,181,37ac3b3fbb8220ccb7a5,
78922,,1,60,210074e0433dc17c5933,460
78998,,1,9,e58207dfe55018de4220,76
79062,,1,39,c69190c1c16f2d223f4d,
79172,,1,61,959ad05d055cd42dc107,166
79187,1,,60,5fcd935bc6d3fb75ee41,61
79191,,1,46,78859706823ae662a078,373
79308,1,,91,a4d488de676ae54cd0be,
79349,1,,39,fdb0f65eb21bbba0b592,4
79366,1,,6,17ffb86c2218f3df5db7,
79402,1,,17,a4d488de676ae54cd0be,
79407,,1,19,a4d488de676ae54cd0be,
79404,1,,44,4a1482533941026c22c1,442
79411,1,,10,a4d488de676ae54cd0be,
79397,1,,150,7f369d0a41519afab2be,443
79421,1,,90,07b58659ee0bf9bb6589,254
79461,1,,35,aa913018a9a7bad95d58,97
79515,1,,65,f343be8474dbc8ada506,411
79523,,1,68,925b3673a6e9308d89c3,239
79547,,1,25,3698630db512e9f51682,
79555,,1,10,aa913018a9a7bad95d58,
79568,,1,8,3698630db512e9f51682,
79729,,1,6,16423a5dec5862f4b63c,
79736,1,,25,16423a5dec5862f4b63c,
79732,,1,37,e724f9fdfc75a0e56bdf,104
79823,,1,10,3698630db512e9f51682,
79870,,1,27,76845e777904bf4892e7,
79890,1,,11,c168fc19291373193761,3
79901,1,,49,08b9bdae1e2b541de3b3,5
79942,1,,8,c168fc19291373193761,
79950,,1,53,d6b3439e0e87cad426f3,
80008,1,,60,ee301450b226fb0f6b92,456
80026,1,,60,70a42cf3e060c3cca8e6,280
80080,1,,5,d6b3439e0e87cad426f3,
80077,,1,55,28cd31cb0e36055c81da,459
80093,1,,61,ad7e5c54b7c066f87412,72
80118,1,,47,2a2e4c69aea6f174d68e,199
80213,,1,10,aa913018a9a7bad95d58,
80219,,1,51,be03f3455378ce347456,315
80246,1,,21,0c868e8ca22b07efc39d,228
80284,,1,8,c168fc19291373193761,
80286,,1,7,76845e777904bf4892e7,
80321,1,,11,c168fc19291373193761,
80373,1,,16,0c868e8ca22b07efc39d,
80369,1,,70,0d210c819af888df135d,301
80371,,1,65,f9180d9208a3ee1c8798,335
80384,,1,49,dff2e4843bbf7e0c73f4,294
80412,1,,9,0d210c819af888df135d,
80466,,1,105,9140a5788b90c4ab872b,246
80500,,1,97,51d2fa7d46020369f800,131
80527,,1,175,e7a061b28ff718e19efb,382
80579,,1,21,1531c8101d91ff3cc2f9,1
80596,1,,54,b22896ed002a969dd508,
80591,1,,102,3397ee4601afe3baf761,
80605,,1,11,b22896ed002a969dd508,
80612,1,,6,3397ee4601afe3baf761,
80649,,1,42,85394033d54f5b778b5a,20
80661,,1,6,b22896ed002a969dd508,
80695,1,,12,51d2fa7d46020369f800,
80726,1,,65,99b0f09ed6fecfcdcda8,
80772,,1,66,590a3111051480e29005,186
80834,,1,7,0c868e8ca22b07efc39d,
80874,1,,53,1a20358f15647b55ef53,101
81042,1,,65,74bd217cc9e37c428f61,229
81144,,1,45,6f755a2e039a472b0600,286
81211,1,,56,314d34aa6d2f3a8e5452,168
81216,,1,59,28a25e0fb210850cc93b,10
81303,,1,37,4fd6443965af75ac06c3,205
81349,1,,48,beca7c05947220c73123,119
81250,1,,1378,d1cc137f2fe81aa7a3c8,386
81445,,1,76,99b0f09ed6fecfcdcda8,
81565,1,,64,ae7c4da0839cce80ff0c,179
81593,,1,83,6d88b6921235cce036c3,230
81604,,1,41,a0040f5af92248d8bc38,362
81635,1,,44,9a6a67857787b033d037,194
81690,,1,51,64a981a48b63385cfc7b,352
81712,,1,60,4708bd72c85d89cef582,244
81724,,1,44,b58196565ed86feacd97,221
81740,,1,146,c2cf1a918fe14050a382,144
81773,1,,67,5a0411371df7b2029d25,252
81835,1,,134,663ff1395ba2e3c0e05f,105
81939,,1,9,4708bd72c85d89cef582,
81997,,1,89,2eb55b972be9cf9239f9,
82006,1,,62,1c675f43a27f7560889d,439
82110,,1,58,72595aa78ecba1aa9485,12
82137,,1,36,15734747e3b7c1bb1886,351
82167,1,,57,f381d70c347cb88c06dd,322
82192,1,,67,31a5629cd52fac6faeeb,293
82245,1,,76,b8a36cb624fa1c260487,116
82303,1,,54,18675c09ce7735435ab1,314
82352,,1,42,1d8c801fb7bfa34aef5c,237
82351,,1,94,3c43a7d0310bd2e751cc,223
82377,1,,49,7ae5625d42191f31d9d7,
82384,1,,4,7ae5625d42191f31d9d7,
82400,1,,93,9411d8300fd1360145a6,333
82421,1,,71,5da9428c243feab5a841,374
82398,1,,1112,b58dc21fe5af70c6207b,83
82493,,1,48,da10c15eeab27ca1ae4d,165
82507,,1,60,e5d40442b0c26dcd0bb2,349
82559,1,,156,9b77791a4f403dc610ef,446
82614,,1,12,e5d40442b0c26dcd0bb2,
82621,,1,33,d5f00b8037b9b7aff883,262
82640,,1,7,4cc7849170002fa2511e,36
82638,1,,131,37e6d418ae3ab4f36c84,156
82718,1,,121,23252ac8a8ca3766c942,137
82730,,1,75,c2041382dc154058f174,289
82737,,1,13,23252ac8a8ca3766c942,
82739,,1,24,23252ac8a8ca3766c942,
82792,,1,59,653271fabeb5e4c6071c,272
82826,,1,58,8af0883e9630a9f4a6bb,
82830,,1,46,8af0883e9630a9f4a6bb,
82844,,1,6,8af0883e9630a9f4a6bb,
82850,,1,38,aacb13e57df9c6b706e1,303
82873,,1,6,8af0883e9630a9f4a6bb,
82948,,1,47,1e4edc4f4a4bb8deda96,47
82954,1,,62,b2cb9928c63dc7bbc00c,
82952,1,,151,9f34341fdb2dd6930022,107
82975,1,,14,b2cb9928c63dc7bbc00c,
83033,1,,47,f7cc47312c750f006b0a,81
83223,,1,77,0378ea69ff840052501e,284
83236,,1,57,fd7c1710a195f34ea11c,23
83230,1,,251,89025b760cd86b085b8b,145
83372,1,,78,c1b389f82503c430bc6c,402
83473,,1,12,0ebbefb823eecda5dc5b,
83607,1,,108,fcd753ff221f435fc352,11
83619,1,,76,638d4a9a6933dad10de6,430
83637,1,,49,f9d474ef69311b50f061,276
83649,,1,8,fcd753ff221f435fc352,
83815,,1,67,68809b7c2424513b8aae,40
83845,,1,50,b654d2e387d8d5f8e13a,306
83892,,1,54,bec4ea7971f27be99012,387
83925,1,,70,4ad039bee1f4e8234fb8,461
84003,,1,45,dfc8310106a9864abf68,155
84014,1,,80,26c82f3523266ba76737,210
84029,1,,25,bf79807c68c7f298e468,30
84091,,1,9,26c82f3523266ba76737,
84143,1,,40,689f03685f62c7ddcb69,363
84157,1,,41,b1d93724af23f094fa8c,87
84179,,1,71,158f6def84220f8fc1e4,142
84212,1,,49,4c24913675798b9f1644,391
84262,1,,86,4521c36142ccb47d0055,39
84285,,1,9,c3ab7162adad35d4aa07,
84287,1,,45,24594655ab2f32751d0b,412
84323,,1,49,64a9dd1ebed8a7c245a9,193
84339,1,,9,c3ab7162adad35d4aa07,
84373,1,,64,e3f966ab40e56878758a,406
84380,1,,29,c96aa8a085baeeedf5f6,79
84383,1,,29,31ed60b63f5d63f298dc,28
84385,,1,34,614f21195f8f7bbb7df8,361
84461,,1,31,3d332469aef2235ea21a,126
84487,,1,6,4521c36142ccb47d0055,
84508,1,,77,67b59d42fb0c763f829d,
84514,,1,5,67b59d42fb0c763f829d,
84528,,1,78,3515e87b8815cdd0c54a,368
84538,,1,8,1b5d2c00395744fd5521,
84630,,1,32,25865aa664da19bfeea0,136
84741,1,,6,25865aa664da19bfeea0,
84771,1,,64,e06647ef0801d82386ba,455
84774,,1,37,81e0f7da93b0302b9609,344
84797,1,,7,e06647ef0801d82386ba,
84817,1,,48,efbee07be6aa9ee6ea9c,277
84851,1,,47,c3a645542f351aead460,224
84869,,1,8,c3a645542f351aead460,
84913,1,,149,1d4c0735302f79f1f3df,422
84936,1,,9,e06647ef0801d82386ba,
84972,1,,38,b8a37cad2b82cdc6466c,217
84979,,1,6,e06647ef0801d82386ba,
84978,1,,11,381823fe845682c4cd75,114
85020,1,,100,580b5638d6389cf0052d,190
85057,1,,84,5294e1d4ec634decd647,146
85077,,1,42,bf8cd6e7265ef4704127,86
85108,,1,32,6cce4adf35038097bab5,
85111,,1,3,6cce4adf35038097bab5,
85115,1,,26,5294e1d4ec634decd647,
85136,,1,96,177336443946db1ea86d,302
85148,1,,55,694c764233582cbe11e8,8
85178,1,,60,cb4db381156845d040ed,466
85311,,1,58,559ff0fad153c3b1c3a6,159
85318,,1,77,126a25afa450dd3fc5b5,313
85333,,1,13,a6b7d720dafa5d9524f3,38
85344,,1,32,0733ff5f8e011d3c7cc1,
85348,1,,7,0733ff5f8e011d3c7cc1,
85347,1,,35,990096889f57b2061fb3,
85363,,1,17,90209274d105bb1e5d57,
85369,,1,13,ccfd1b75ee5ec340025b,
85372,,1,13,2c1ceb7a667464ccf285,408
85433,1,,27,cb4db381156845d040ed,
85557,,1,44,c7ce36e94c309cfadb82,
85559,1,,21,c7ce36e94c309cfadb82,
85573,1,,50,1de5f3cc9117824bb622,465
85621,,1,43,b105e4d3856e47443f47,69
85629,1,,21,727313d76d9d00a769cd,123
85719,1,,118,60446b5045fd82a0c246,68
85820,,1,75,61ca9ac9170e5ccb1aa8,
85824,1,,46,61ca9ac9170e5ccb1aa8,
85850,1,,42,06b81976c253d43dcfac,318
85900,1,,56,e0ce1fec6103eb61d457,347
85954,1,,34,d8deacb958693e260a2c,
85957,,1,34,2ffe7914ae4343151a13,6
85982,,1,26,21d7802f331a70abf592,
85985,,1,39,87ba2297875e975e9fdd,180
85993,1,,229,e24cfdc567e3ee409b14,
86016,,1,6,d8deacb958693e260a2c,
86014,,1,66,f14222f276d9c11e00e3,297
86046,1,,74,d0a66b5241a765c0e99e,24
86068,1,,11,e24cfdc567e3ee409b14,
86070,1,,35,864a8ff9dcbefaf8cf66,202
86098,,1,104,8d23a1c9c064ca0c5c76,70
86176,1,,11,d0a66b5241a765c0e99e,
86182,1,,50,c8c5e901941dcd7c17a0,109
86248,1,,57,a613767209b9372dd807,35
86278,1,,59,a9688a549d9f8d5c1072,394
86301,1,,13,864a8ff9dcbefaf8cf66,
86312,,1,90,679dd607383bdbc736a3,285
86332,,1,79,1669b2fb9fe3af0a1bda,218
86341,,1,11,126a25afa450dd3fc5b5,
86395,1,,45,411bbc7a332b5a80dfbb,59
86441,1,,77,1b6aa6cf7d583be315bd,407
86452,1,,49,7043383baf1b2f01e9e6,359
86454,,1,80,72d6b8e6fd1f658859d5,34
86513,1,,40,eba06ba34e3fc6bd26f6,52
86543,,1,20,eba06ba34e3fc6bd26f6,
86559,1,,6,eba06ba34e3fc6bd26f6,
86594,,1,30,52abbe9d7fb51fa8bc14,92
86635,,1,55,648e381d675f66cf0ec9,
86696,,1,37,5cc5c5253ca0dd43f6f1,
86700,,1,8,5cc5c5253ca0dd43f6f1,
86735,1,,33,ed22f95390ee9da01665,63
86760,1,,103,be43f36321beab09e5da,
86811,1,,70,19da3e4416ba4fcaf2dc,334
86829,1,,19,be0372abb9ed5e25665d,
86840,1,,53,9e61ea13eac9fd190175,462
86857,,1,8,be0372abb9ed5e25665d,
86880,,1,38,23dd7e5c60ebfb17da47,215
86887,,1,18,be43f36321beab09e5da,
86906,1,,79,52abbe9d7fb51fa8bc14,
86916,1,,44,52abbe9d7fb51fa8bc14,
86929,,1,14,52abbe9d7fb51fa8bc14,
87004,1,,34,11255cfb04dc93f261db,296
87028,,1,62,b2cb9928c63dc7bbc00c,
87033,,1,8,b2cb9928c63dc7bbc00c,
87043,1,,52,86c80587b8aa24cdecca,271
87046,1,,74,16eacdb407bd48b6fde5,423
87069,,1,41,4b900a756200d1033d3e,398
75143,,,6,f9d4f384038d1cb93102,
87106,1,,26,d585211854bbf5f33cb6,133
87134,,1,44,c23bda1f08c7f66815c3,299
87150,,1,71,20efa2e5517768ea0fc7,354
87170,,1,15,be0372abb9ed5e25665d,
87181,1,,102,ca616f9411862e6f2a25,380
87219,,1,48,2c148e543bc44118f737,138
87224,1,,5,2c148e543bc44118f737,
75333,,,15,65cb0a0fa4fa3149cf5f,
87309,1,,63,716ad1f12315f883701e,235
87318,,1,16,4904d43df104013fd5a7,
87319,1,,37,0c4bbad92ad7f6ba88ca,431
87325,,1,5,0c4bbad92ad7f6ba88ca,
87332,1,,13,4904d43df104013fd5a7,
87359,1,,30,139dd6a1299de944c451,453
87397,,1,36,44060a63c314693a567e,348
87432,,1,30,4df6e47adccc384c112a,
87434,,1,9,4df6e47adccc384c112a,
87496,1,,54,2d117bd0f7c0c8701ee7,
87498,1,,8,2d117bd0f7c0c8701ee7,
87527,,1,41,7b623a07ba7d9d41d9be,203
87535,1,,53,69fba8bd50ada9ceb073,261
87565,1,,60,9450bf06cb86644ff813,170
87572,1,,6,9450bf06cb86644ff813,
87575,,1,17,500bb7ae23043ff53023,390
87622,1,,45,a41fd856d55d047208ef,53
87655,1,,54,b13ab03b5ac8741fba1f,263
87679,,1,49,528b5972a14f8c5e87c9,222
87698,,1,35,ae8bc3c04d0057d19449,268
87703,,1,9,ae8bc3c04d0057d19449,
87714,1,,13,ca616f9411862e6f2a25,
75561,,,16,ee1373a94cb46faac1ea,
75563,,,4,58ece1cb7b46e47d596e,
87780,,1,64,298ce4427d2d30edb081,177
87793,,1,32,7cacd69df806a06300df,375
87807,1,,59,dac4d4dd724576a0939f,403
87810,,1,32,848f40659a6be2a0f947,176
87829,,1,78,848f40659a6be2a0f947,
87828,,1,81,44cfd7dcf17aa3c6b409,360
87854,,1,36,64a9dd1ebed8a7c245a9,
87876,1,,66,241e735171557bd9eb38,247
87930,,1,6,241e735171557bd9eb38,
87993,1,,85,a63356ec6724a0b0d7cb,37
88013,,1,19,512dea69767f70b6523e,
88020,,1,18,512dea69767f70b6523e,
88024,,1,28,035fe0e129c3ec4d53de,152
88032,,1,10,035fe0e129c3ec4d53de,
88060,1,,12,1a00bdab9fd9fb8b42e6,117
88086,,1,27,f1250b4caa190e79ee32,
75806,,,1592,5fcba5d5a61a781d0f48,
88138,1,,85,0bff0b5febf470a965ef,419
88146,,1,42,8fc774c024482fb283be,
88148,,1,37,14c601e4ad61e0872134,157
88190,,1,67,9fb3c0d8228d8ba2317e,58
88228,,1,11,8fc774c024482fb283be,
88243,,1,38,07d844ec616dab51f7ab,319
88254,1,,57,8fc774c024482fb283be,
88252,1,,223,4354657f374dabad2b80,173
88279,1,,49,994b1668d6f2ec3795d8,
88284,,1,9,994b1668d6f2ec3795d8,
88294,1,,13,c69190c1c16f2d223f4d,
88351,,1,53,f76d39e1c0f3a3572219,248
88363,,1,7,994b1668d6f2ec3795d8,
88389,,1,36,9f04ee1c8ce91dc68f58,32
88422,,1,121,d19c5f455d39b8db3a21,167
75899,,,5,874134aa04969e87e937,
88496,1,,53,1b5a1aa3488972769799,
88500,,1,7,1b5a1aa3488972769799,
88499,,1,40,3ad127403ba4e318dafa,16
88521,1,,73,0802c2b931c7eec8060e,
88525,,1,35,0802c2b931c7eec8060e,
88579,,1,47,a1e4118bc7580b9557a1,452
88635,1,,215,e353db01d775e854b0b4,454
88638,1,,7,d19c5f455d39b8db3a21,
88645,1,,107,670046e7fdd5a9fc65e3,371
88695,1,,60,344a7a7e0fe50adc0f1d,433
88705,,1,7,344a7a7e0fe50adc0f1d,
88712,1,,42,b446d9719ff21a515385,420
88770,1,,30,7edd3ce15e580eaac9c6,366
88788,1,,73,36f3b1d8a22f13294dae,198
88795,1,,60,16ad1b4d1ff06f3ee044,64
88814,,1,39,8cd9d8ca6b0b0ea1afef,251
88921,,1,57,50ea5851d22171be01e8,148
88986,1,,53,78a3aec60afc25488413,130
76017,,,23,635a4f6658e98eecdb0b,
89042,,1,90,5fcba5d5a61a781d0f48,
89052,1,,28,22932116113321c78b64,
89054,1,,6,22932116113321c78b64,
89068,,1,12,19fddb79bcc2f58c3391,
89077,,1,50,476b6bebccf61ece7757,33
89095,1,,8,f1250b4caa190e79ee32,
89151,,1,45,63fcb0f23da57f3304ad,
89153,,1,10,63fcb0f23da57f3304ad,
89159,1,,158,1f04f074f31d863508a3,428
89182,1,,136,581bd217975908cd989c,377
89249,1,,90,cfa0d50bc320b0b90a5e,414
89292,1,,76,ed5e11be679ca889709a,46
89311,,1,42,98f3ddd73b21b3fe312a,7
89352,,1,5,5ade6f552d527f458458,55
89382,1,,58,756ad25861bd3adfeb70,234
89383,1,,74,277912969f9792ac1a7b,
89388,,1,42,277912969f9792ac1a7b,
89380,,1,378,083ac9c210bb5d50dcca,153
89411,,1,45,b914a1ebc43b051ddb71,395
89445,,1,185,083ac9c210bb5d50dcca,
89460,1,,28,277912969f9792ac1a7b,
89484,1,,78,b151959755837a20336f,269
89498,1,,66,64414c38c8082ebdf8fc,
89502,1,,7,64414c38c8082ebdf8fc,
89549,1,,55,c91e8a8242e8579ddf0b,18
89597,1,,49,e6e97dd5e1e86a4a2e53,127
89633,1,,7,635a4f6658e98eecdb0b,
89648,,1,32,6b286cf49485238cee46,178
89659,1,,6,6b286cf49485238cee46,
89663,1,,8,1a00bdab9fd9fb8b42e6,
89674,,1,7,1a00bdab9fd9fb8b42e6,
89713,,1,67,cadc2333565e7ee3b14e,260
89722,,1,39,4b620ad01eeada9c32e7,424
89721,1,,73,5b47c5a9851e4094c684,429
89755,,1,75,a4327bf2f6d6a0d67310,128
89768,,1,22,a4327bf2f6d6a0d67310,
89784,,1,14,74aafe3bb5300694f76b,192
89815,,1,56,6e3830a8f2890bc5dd31,183
89825,1,,43,78d2397b6cb45550d5c0,110
89840,1,,49,74aafe3bb5300694f76b,
76206,,,19,5b4bb1674e9a93f9c292,
89939,,1,7,19fddb79bcc2f58c3391,
90027,,1,48,ce22cd618788aafbad0d,42
90086,,1,42,d7edaaa90ccbad8f8322,290
90108,,1,313,5111656087213a604dc6,291
90113,,1,90,45f50d9fd172ebd3dcc9,200
90170,1,,99,118401ee335f7e206162,463
90187,,1,73,d38d0e1ddc22c137a59e,25
90189,1,,83,00c58daba7afceb197a2,445
90217,,1,81,10721429635bf593e7fa,60
76286,,,22,14bdbae34d6ec9f06690,
90246,1,,71,a2693d54ad0cdf1881f2,416
90285,1,,8,a2693d54ad0cdf1881f2,
90307,,1,27,a67cae09235149975dac,421
90315,1,,62,626248d084fc85679715,236
90319,1,,9,19fddb79bcc2f58c3391,
90372,1,,13,3223005d463c66742ea5,
90376,1,,43,6e108fac9babbe245751,372
90373,1,,178,184c31f2c01099605998,309
90448,,1,8,0ebbefb823eecda5dc5b,
90463,,1,83,d609059c673e46780b2b,120
90479,1,,90,5bfe57594aa4aa172c11,
90512,,1,78,fec1c542a1d493ef7f85,
90518,,1,6,fec1c542a1d493ef7f85,
90543,1,,104,947a01b1118b97cf12aa,163
90580,,1,17,d38d0e1ddc22c137a59e,
90608,,1,14,947a01b1118b97cf12aa,
90613,1,,74,f1c9085875f0f5664298,327
90623,,1,34,323f6718fcb81ccf24b9,283
90641,,1,10,41cb5d1f1050eba8deb3,325
90717,,1,37,00ba5d2980e0f895721a,295
90740,1,,86,7be60bc9e5d8249ab8ff,338
90748,1,,10,947a01b1118b97cf12aa,
90757,,1,9,947a01b1118b97cf12aa,
90770,1,,9,947a01b1118b97cf12aa,
90783,,1,201,947a01b1118b97cf12aa,
90796,,1,12,947a01b1118b97cf12aa,
90825,,1,72,9dc189594857cc0839da,216
90865,,1,84,524e61c893f67fe645b7,184
90878,,1,66,604e14cf358ed59dc795,56
90907,,1,15,7d8c3ae8405f09ddfad2,
90954,,1,161,ba9aff03829d9f6b4478,111
90965,1,,97,33a88d9d5287e88687f9,
90967,,1,37,33a88d9d5287e88687f9,
90984,1,,6,a99b8974f7256b5b6913,
90988,,1,7,a99b8974f7256b5b6913,
91024,1,,66,9fb5be017849899aabfb,404
91033,1,,9,bec4ea7971f27be99012,
91064,1,,19,9fb5be017849899aabfb,
91059,1,,313,bec4ea7971f27be99012,
91075,1,,5,bec4ea7971f27be99012,
91093,,1,5,bec4ea7971f27be99012,
91124,,1,69,eb420a1fefc5e5062580,331
91150,,1,39,314d34aa6d2f3a8e5452,
91175,1,,46,74aafe3bb5300694f76b,
91188,,1,8,74aafe3bb5300694f76b,
91197,,1,35,4927794c1f3af1a5aad1,65
91210,,1,38,6f7159d190f57dd8363f,160
91271,1,,71,782e731d1ba35ba37a3d,143
91296,,1,23,127e3bf6e09c42051d56,21
91359,,1,40,50610a399599e9972aa2,41
91385,1,,89,9b380d9e0e2392df5e8a,250
91399,,1,9,9b380d9e0e2392df5e8a,
91413,1,,6,9b380d9e0e2392df5e8a,
91459,1,,69,82bdb871d46dd8d2b01e,448
91481,,1,38,c5c848e9f9f2bfbf54a7,330
76789,,,18,5334bfda9b005199e6e7,
91553,1,,32,fab99426f97f56d1de32,307
76951,,,12,1b5d2c00395744fd5521,
91587,,1,43,8294cc55866f04635d7c,162
91606,,1,27,bfe02df001c5fe0980c3,
91615,,1,8,bfe02df001c5fe0980c3,
91646,1,,63,a892207d901ccfbdf789,
91648,1,,9,a892207d901ccfbdf789,
77080,,,10,d6568fa257773670f862,
91679,1,,31,727c4e75212e48b8581d,255
91724,,1,79,addec27ed6e5e14ee0c0,405
77072,,,11105,a4d488de676ae54cd0be,
91841,1,,53,08f2a925eec924f82ce1,274
91909,1,,20,a00af6f75c397d8a98c0,169
91914,,1,17,a00af6f75c397d8a98c0,
91948,,1,50,c2d9104a490c727f1793,458
91958,,1,17,c2d9104a490c727f1793,
77391,,,12,9a986552fba9efccab08,
91971,1,,56,a922542e2c25bd5c7dea,384
77408,,,7,e3a69cbdcbd2701dc00b,
92013,,1,62,e937c674e7d7b9536669,300
92029,1,,134,7166469b4aba144e4c82,393
92102,1,,49,d9d638a03338d439e3cc,103
92173,,1,56,73e1c3d6b0674107bd19,
92175,1,,41,73e1c3d6b0674107bd19,
92243,1,,45,507407051a111cc19a0e,376
92278,,1,13,f2c7ffebaa7d9250d0dc,
92297,1,,65,0eceea6b80ddbf9682ac,45
92327,1,,29,214429523d83e5936422,341
92345,,1,41,60d29b2b4dc41c69e729,
92355,,1,50,5b0dbff043143e451ef4,275
92370,1,,57,0560b1b506232b55d691,
92404,,1,28,7b5a41b5f01a927b8fe3,273
78340,,,2,a6a89a429fb5deb60143,
92427,1,,7,0560b1b506232b55d691,
78917,,,8,d6b3439e0e87cad426f3,
79058,,,8,c69190c1c16f2d223f4d,
79232,,,7,78859706823ae662a078,
79709,,,4,2eb55b972be9cf9239f9,
80028,,,2,d6b3439e0e87cad426f3,
80159,,,5,ad7e5c54b7c066f87412,
80419,,,14,f9180d9208a3ee1c8798,
92475,1,,46,7ee0c5bae99707b6b52a,158
92503,,1,53,9a13896bf75da954a736,
92507,,1,19,9a13896bf75da954a736,
92519,,1,54,30fc4406d5f36689437f,436
92530,1,,55,293c1553c40d0e67b0d6,324
81000,,,10,51d2fa7d46020369f800,
81079,,,7,74bd217cc9e37c428f61,
81241,,,9,28a25e0fb210850cc93b,
81834,,,10,648e381d675f66cf0ec9,
92600,,1,7,5b0dbff043143e451ef4,
92609,1,,6,5b0dbff043143e451ef4,
92615,,1,61,0553573dddca5090145a,401
92667,,1,8,bb2b2f2ace786caecdfc,100
83647,,,23,fcd753ff221f435fc352,
83805,,,13,a6a89a429fb5deb60143,
92744,,1,37,5c5e7decc1447b2a1b9a,249
84016,,,6,dfc8310106a9864abf68,
92909,,1,51,83dc7c49011ac83eec20,316
92915,,1,6,aa89f42705a5440cf7cc,
92920,1,,7,aa89f42705a5440cf7cc,
92922,,1,6,aa89f42705a5440cf7cc,
84957,,,9,1d4c0735302f79f1f3df,
92965,1,,55,6263e7ee01bb9fb59677,89
92974,,1,38,d8885e2eecbbfe966144,
92976,,1,5,d8885e2eecbbfe966144,
85364,,,7,a6b7d720dafa5d9524f3,
93010,1,,57,dc9b9030ebc27bb5ca79,266
86022,,,10,2ffe7914ae4343151a13,
86499,,,10,72d6b8e6fd1f658859d5,
93101,1,,38,f51ad2cba34e61f0a272,135
87115,,,12,d585211854bbf5f33cb6,
87223,,,6,2c148e543bc44118f737,
93277,1,,52,637cb26f04c707efa5a3,95
87839,,,8,dac4d4dd724576a0939f,
87905,,,5,44cfd7dcf17aa3c6b409,
93319,1,,66,5393cbd22650f613b453,149
88144,,,25,8fc774c024482fb283be,
88276,,,19,4354657f374dabad2b80,
88282,,,10,994b1668d6f2ec3795d8,
88666,,,8,d19c5f455d39b8db3a21,
93420,1,,67,6afa98af9dca45841275,321
93438,1,,106,47f0e89f7b8964fb908e,232
93468,1,,60,0f4de151c85460d74a1f,365
93496,1,,68,27f6e77bacabbcb885af,187
93548,,1,46,6de4d88f2d3c9b5ed94e,122
93567,,1,57,8a3b2ae8eae19044b353,80
93571,,1,7,8a3b2ae8eae19044b353,
89574,,,13,5b4bb1674e9a93f9c292,
93587,1,,53,19c99565121b38dbc901,450
93605,1,,43,0877002cbbfb145c1032,
93607,,1,29,0877002cbbfb145c1032,
93625,1,,9,c3a8a367b935111cddb7,323
90093,,,8,d7edaaa90ccbad8f8322,
90357,,,53,118401ee335f7e206162,
93729,1,,44,65fb838926622601bf1e,
93733,,1,27,65fb838926622601bf1e,
93760,,1,76,9492917bed7f2b954d11,
93762,1,,10,9492917bed7f2b954d11,
90675,,,12,21d7802f331a70abf592,
90856,,,2760,7d8c3ae8405f09ddfad2,
91222,,,10,6f7159d190f57dd8363f,
93881,1,,68,e93f463dffdb006d0265,82
93963,,1,43,6ec79a60db41d630b33b,343
93991,,1,32,4e8b18a29a0b4019a2a8,317
92080,,,16,60d29b2b4dc41c69e729,
94028,1,,7,e78ff7517a7907562e02,
92369,,,10,0560b1b506232b55d691,
92425,,,11,7b5a41b5f01a927b8fe3,
94058,1,,112,7354b032bf135914f9b9,418
94085,1,,56,334c6fbe9bdeedd14db2,112
94118,,1,62,c348e1d1d40809cdaa5e,98
94178,,1,51,f7ae14edae0eae7d80fc,
94180,,1,6,f7ae14edae0eae7d80fc,
92913,,,47,aa89f42705a5440cf7cc,
94219,1,,63,70a381e8775f1174f2bf,264
94223,1,,8,70a381e8775f1174f2bf,
94242,,1,28,236641095927fff4e5ba,211
94302,1,,45,0dd02463e255879f6f3e,451
93042,,,8,127e3bf6e09c42051d56,
94374,1,,57,b3f80b234d05256cc79d,
94376,,1,20,b3f80b234d05256cc79d,
94382,,1,43,6ba5155f30cac334d777,115
94444,1,,83,4be2a253b06f5e323bb3,182
94448,,1,7,4be2a253b06f5e323bb3,
94485,1,,57,64167ceab257b906cb57,241
94512,,1,78,ec0ff8554c37cfe8fa29,292
94557,1,,64,dc52234fce75557fd294,243
94574,,1,28,7945843d19dedb9aedef,415
94609,1,,80,be15b2200bdeabe70c50,410
94720,,1,102,c95ed68479f1c0df2ec1,207
94770,1,,68,64b1ded6d17d24a505fd,71
94802,,1,48,e6401a81bad0e95a4fb2,
94804,,1,7,e6401a81bad0e95a4fb2,
94812,1,,27,9f998921f94dfc3549d9,
94814,1,,6,9f998921f94dfc3549d9,
94824,,1,70,f028816dac8a6a4ab8c6,355
94832,,1,24,637cb26f04c707efa5a3,
94880,1,,6,e78ff7517a7907562e02,
94944,1,,51,0f5b5e92081699e28765,
94956,,1,4,0f5b5e92081699e28765,
95121,,1,37,62833c50b09feeb7daa8,304
95168,1,,42,4093bca287d03e18571c,91
94356,,,19,0dd02463e255879f6f3e,
94703,,,17,e78ff7517a7907562e02,
94708,,,9,e78ff7517a7907562e02,
94867,,,8,e78ff7517a7907562e02,
95005,,,199,e78ff7517a7907562e02,
95148,,,3,e78ff7517a7907562e02,
95248,,,24,e78ff7517a7907562e02,
